|24
|24
|24
ſ|24
ž|24
|24
|24
|24
|24
|24
|24
|24
|25
|25
|25
|25
|25
|25
|25
ٽ|25
|25
|25
|26
|26
|26
|26
|26
|26
|26
|26
|26
|26
|26
|26
|26
|26
|26
|26
|26
|26
|27
|27
|27
|27
|27
|27
|27
|27
|27
|27
|27
|28
|28
|28
|28
|28
|28
|28
|28
|28
|28
|28
|28
|30
|30
|30
|30
|30
|30
|30
|30
|30
|30
|30
|30
|30
|30
|30
|31
|31
|31
|32
|32
|32
|32
|32
|32
|32
|32
|32
|32
|32
|32
|32
|32
ܡ|32
|32
|32
|32
Ƥ|34
|34
ƨ|34
|34
Ƣ|34
|34
ƥ|34
|34
|34
|34
ƣ|34
Ʀ|34
ا|34
ơ|34
|34
Ƨ|34
Ʃ|34
|34
|34
|34
|34
|34
|34
|34
|34
|34
|34
ܱ|34
|34
|34
|34
|34
|34
|34
|34
ۯ|34
|34
|34
|34
|34
|34
|34
|34
|34
Ƭ|36
ƪ|36
ƭ|36
ƫ|36
|36
|36
|36
|36
|36
|36
|36
|36
Ʊ|38
Ʈ|38
Ư|38
|38
|38
|38
ư|38
|38
|38
|38
|38
|38
|38
ݳ|38
|38
Ʋ|39
Ƴ|39
د|39
|39
|39
Ʒ|40
ƴ|40
Ƶ|40
ƶ|40
Ƹ|40
|40
|40
|40
|40
|40
|40
ƽ|41
ƾ|41
|41
ƿ|41
|41
Ƽ|41
ƺ|41
ƻ|41
|41
ƹ|41
|41
|41
ٷ|41
|44
|44
|44
|44
|44
|44
|44
|44
|44
|44
|44
|44
|44
۶|44
|44
|44
|44
|44
|44
|44
|44
|46
|46
|46
|47
|47
|47
|47
|47
|47
|47
|47
|47
|47
|47
|47
|47
|47
|47
|47
|47
|47
|47
|47
|47
|47
|47
|47
|47
|47
|47