|34
|34
|34
|34
|34
|34
|34
|34
|34
|34
|34
|34
|34
|34
|34
|34
|34
|34
|34
|34
|34
|34
|34
|34
|34
|34
|34
|34
|34
|34
|34
|34
|34
|34
|34
|34
|34
|34
|34
|34
|34
|34
|34
|34
|34
|34
|34
|34
|34
|34
|34
|34
|34
|34
|34
|34
ݽ|34
|34
|34
|34
ޭ|34
|34
|34
|34
|34
|34
|34
|34
ܻ|34
ٹ|34
ؽ|34
|34
|34
|35
ǡ|35
Ǣ|35
|35
|35
|35
|35
Ǯ|36
ǰ|36
ǧ|36
ǩ|36
Ƿ|36
ǳ|36
ǣ|36
Ǩ|36
Ǳ|36
ٻ|36
Ǧ|36
ǫ|36
Ǭ|36
|36
ǲ|36
ǭ|36
Ƕ|36
|36
ǯ|36
Ǫ|36
Ǹ|36
|36
ܷ|36
|36
|36
Ǵ|36
ǥ|36
ǵ|36
|36
|36
|36
|36
|36
|36
Ǥ|36
|36
ݡ|36
|36
|36
|36
|36
|36
|36
|36
|36
ǿ|37
|37
ǹ|37
ǽ|37
ǻ|37
Ǻ|37
Ǽ|37
Ǿ|37
|37
|37
|37
|37
|37
|37
|37
|37
|37
|37
|37
|37
|38
|38
|38
|38
|38
|38
|38
|38
|38
|38
|38
|38
|38
|38
|38
|38
|38
|38
|38
|38
|38
|38
|38
ڽ|38
|38
|38
|38
|38
ȸ|38
|39
|39
|39
|39
|39
|39
|39
|39
|39
|39
ۧ|39
|39
|39
٤|39
|40
|40
|40
|40
|40
|40
|40
|40
|40
|40
|40
|40
|40
|40
|40
|40
|40
|40
|40
|40
|40
|40
|40
|40
|41
|41
|41
|41
|41
|41
|41
|41
|41
|41
|41
|41
|41
|41
|41
|41
|41
|41
|41
|41
|41
|41
|41
|41
|41
|42
|42
|42
|42
|42
|42
|42
|42
|42
|43
|43
|43
|43
|43
|43
|43
|43
|43
|43
|43
|43
|43
|43
|43
|43
|43
ٴ|43
|43
|43
|43
|43
|43
|43
|43
ȥ|47
|47
ȡ|47
|47
Ȣ|47
|47
|47
|47
Ȥ|47
|47
|47
|47
|47
|47
ȣ|47
|47
|47
|47
|47
|47
޾|47
|47
ڰ|47
|47
ޡ|47
|47
۾|47
|47
|47
|47
|47
|47
|47
|47
|47
ȫ|50
Ȩ|50
Ȧ|50
Ȱ|50
Ȫ|50
Ȯ|50
ȭ|50
ȯ|50
|50
ȩ|50
|50
|50
|50
ڹ|50
|50
ȧ|50
|50
Ȭ|50
|50
|50
|50
|50
ȴ|52
ȱ|52
ȷ|52
ȸ|52
|52
ȳ|52
ȵ|52
|52
Ȳ|52
ȶ|52
|52
Ⱥ|54
ȹ|54
|54
|54