|24
|24
|24
|24
ئ|24
|24
|24
|24
|25
|25
|25
|25
|25
|26
ɢ|26
ɡ|26
|26
|26
|26
|26
|26
|26
ɣ|27
ɥ|27
ɤ|27
|27
|27
|27
ɨ|28
ɧ|28
ɩ|28
ɦ|28
|28
|28
|28
ܣ|28
|28
|28
ɫ|29
ɪ|29
ɬ|29
|29
|29
|29
|29
ɭ|31
ɮ|32
|34
|34
˼|34
˹|34
|34
˾|34
˿|34
|34
˽|34
˺|34
|34
|34
|34
|34
|34
ʳ|34
|34
|34
|34
˻|34
|34
ٹ|34
|34
|34
|34
|34
|34
|34
|34
|34
|34
|34
|34
|34
|34
|45
|45
|45
|45
|45
|45
|45
|45
|45
|45
|45
ݿ|45
|45
|45
ڡ|45
|45
|46
|46
|46
|46
|46
|46
޴|46
|46
|46
|46
|46
|46
|46
|46
|47
|47
|47
|47
|47
|47
|47
|47
|47
|47
|47
|47
|47
|47
|47
|47
|47
|47
|47
|47
|47
|47
|50
|50
|50
|50
|53
|53
|53
|53
|53
|53
|53
|53
|53
|53
|53
|53
|53
|53
|53
|53
|53
|53
ݴ|53
|54
|54
|54
|54
ݥ|54
|54
|54
|54
|55
|55
|55
|55
|55
|55
ɯ|55
|55
|55
|55
|55
|55
|55
|55
|55
|55
|55