|24
|24
|24
|24
̤|24
|24
|24
|24
̣|24
|24
̢|24
̡|24
|24
|24
|24
|24
|24
|24
|24
|24
̫|25
̨|25
̩|25
̧|25
̥|25
̬|25
|25
̦|25
|25
̭|25
ۢ|25
|25
̪|25
޷|25
߾|25
|25
|25
|25
̸|26
|26
̽|26
̷|26
̰|26
̳|26
̾|26
̯|26
̹|26
̼|26
̵|26
̶|26
̲|26
̿|26
̴|26
̱|26
̺|26
|26
|26
|26
̮|26
|26
۰|26
̻|26
|26
|26
|27
|27
|27
|27
|27
|27
|27
|27
|27
|27
|27
|27
|27
|27
|27
|27
|27
|27
|27
|27
|27
|27
|27
|27
|27
|27
|28
|28
|28
|28
|28
|28
|28
|28
|28
|28
|28
|28
|28
ؼ|28
|28
|28
|28
ػ|28
߶|28
|29
߯|29
|29
|29
|29
߯|30
|32
|32
|32
|32
|32
|34
|34
|34
|34
|34
|34
|34
|34
|34
|34
|34
|34
|34
|34
|34
|34
|34
|34
|34
|34
|34
|34
|34
|34
|34
|36
|36
|36
|36
|36
|36
|36
|36
|36
|36
|36
|36
|36
|36
|36
|38
|38
|38
|38
|38
|38
|38
|38
٬|38
|38
|38
|38
|38
|38
|38
|38
|39
|39
|39
|39
|39
|39
|41
ͦ|41
ͣ|41
|41
ͥ|41
ͤ|41
|41
͢|41
͡|41
ͧ|41
|41
|41
|41
|41
|41
|41
|41
|41
ͬ|45
ͨ|45
ʹ|45
ͭ|45
ͯ|45
Ͱ|45
ͳ|45
Ͳ|45
ͱ|45
ͩ|45
ͫ|45
ͮ|45
١|45
ͪ|45
|45
|45
|45
|45
|45
|45
|45
|45
|45
|45
ͷ|46
Ͷ|46
͵|46
͸|46
|46
|46
ͼ|47
|47
|47
Ϳ|47
|47
ͻ|47
ͽ|47
͹|47
;|47
|47
ͺ|47
ݱ|47
|47
|47
ܢ|47
|47
|50
|50
|50
|50
|50
|53
|53
|53
|53
߯|53
|53
|53
|53
|54
|54
|54
|54
|54
|54
|54
|54
|54
|55
|55
|55
|55
|55
|55
|55
|55
|55
|55
|55
|55
٢|55
|55
ر|55
|55
|55
|55
|55
|55
|55
|55
|55
|55
|55
|55