ϵ|34
|34
ϴ|34
Ϸ|34
ϲ|34
ϸ|34
|34
ϣ|34
Ϫ|34
|34
Ϣ|34
|34
|34
ϯ|34
ϧ|34
ϡ|34
ϰ|34
Ϧ|34
Ϯ|34
|34
|34
Ϥ|34
ϥ|34
|34
|34
|34
|34
϶|34
Ϩ|34
|34
|34
|34
ϩ|34
ϫ|34
|34
Ϭ|34
|34
|34
|34
|34
|34
|34
ϳ|34
|34
ϱ|34
|34
|34
|34
ۭ|34
|34
|34
|34
|34
|34
ϭ|34
|34
|34
|34
|34
|34
|34
|34
|34
|34
|34
|34
|34
|34
|34
|34
|34
|34
ݾ|34
|34
|34
|34
|34
|35
|35
|35
Ϲ|35
Ϻ|35
ϼ|35
|35
Ͽ|35
|35
Ͻ|35
ϻ|35
|35
Ͼ|35
|35
|35
|35
|35
|35
|35
|35
|35
|35
|36
|36
|36
|36
|36
|36
|36
|36
|36
|36
|36
|36
|36
|36
|36
|36
|36
|36
|36
|36
|36
|36
|36
|36
|36
|36
|36
|36
|36
|36
޺|36
|36
|36
|36
|36
|36
|36
ϳ|36
|36
|36
|36
|36
|36
|36
|36
ݲ|36
ϴ|36
|36
|36
|36
|37
|37
|37
|37
|37
|37
|37
|37
|37
|37
|37
|37
|37
|37
|37
|37
|37
|37
|37
|37
|37
|37
|37
|37
|37
ܼ|37
|37
|37
|37
|37
С|38
Ц|38
|38
Ф|38
У|38
|38
|38
Т|38
|38
Ч|38
Х|38
|38
|38
|38
|38
|38
|38
|38
|38
|38
|38
|38
|38
|38
|38
|38
|38
|38
|38
|38
д|39
Щ|39
л|39
Ь|39
а|39
б|39
Я|39
Э|39
з|39
Ъ|39
к|39
Ѫ|39
ж|39
й|39
м|39
Ю|39
Ы|39
в|39
г|39
е|39
|39
|39
и|39
|39
Ш|39
ߢ|39
|39
|39
|39
|39
|39
|39
|39
|39
|39
|39
ޯ|39
|39
|39
Ҷ|39
|39
|39
|40
|40
|40
|40
ܰ|40
|40
|40
о|40
п|40
н|40
|40
|40
|40
ݷ|40
|40
|40
ض|40
|40
Ѱ|40
|41
|41
|41
|41
|41
|41
|41
|41
|41
|41
|41
|41
|41
|41
|41
|41
|41
ߩ|41
ʡ|41
|41
|41
|41
|41
|42
|42
|42
|42
|42
|42
ܺ|42
|42
|43
|43
|43
|43
|43
|43
|43
|43
|43
|43
|43
|43
|43
|43
|43
|43
|43
|43
|43
|47
|47
|47
|47
|47
|47
|47
|47
|47
|47
|47
|47
|47
|47
|47
|47
|47
|47
|47
|47
|47
|47
|47
|47
ڼ|47
|47
|47
|47
|47
ޣ|47
|47
|47
|47
|47
|47
ѡ|50
|50
|50
|50
|50
|50
|50
|50
|50
|50
ѣ|50
Ѣ|50
Ѥ|50
|50
|50
|50
|50
|50
|50
|50
|50
|50
ȯ|50
|50
|50
|50
|50
|50
ѧ|52
Ѫ|52
ѩ|52
Ѧ|52
Ѩ|52
ѥ|52
|52
|52
|52
|52
|52
|52
|52
Ѱ|54
Ѷ|54
ѵ|54
Ѭ|54
޹|54
ѫ|54
Ѳ|54
ѷ|54
ѭ|54
Ѹ|54
Ѯ|54
ѯ|54
|54
|54
ѱ|54
Ѵ|54
|54
|54
ѳ|54
|54
|54
|54
ަ|54
|54
|54
|54
|54
|54
|54
|54
ۨ|54
ݡ|54