ѽ|24
Ѿ|24
ѹ|24
|24
|24
|24
Ѻ|24
Ѽ|24
ѿ|24
|24
|24
|24
|24
߹|24
ѻ|24
|24
|24
|24
|24
|24
|24
|24
|24
|24
|24
|24
|24
|24
|24
|24
|24
|26
|26
|26
|26
|26
|26
|26
|26
|26
|26
|26
|26
|26
|26
|26
|26
|26
|26
|26
|26
|26
|26
|26
|26
|26
|26
|26
|26
|26
|26
|26
|26
|26
|26
|26
|26
۳|26
|26
|26
|26
|26
|26
|26
|26
|26
|26
ٲ|26
|26
|26
|26
۱|26
|26
|26
ܾ|26
|26
|26
|26
|26
|26
|26
|26
|26
ڥ|26
|26
|26
Ǧ|26
|26
|26
|26
|27
|27
|27
|27
|27
|27
|27
|27
|27
|27
|27
|27
|27
|27
|27
|27
|27
|27
|27
|27
|27
|27
|27
|27
|27
Ҫ|28
ҩ|28
ҧ|28
|28
Ҧ|28
|28
ҡ|28
ҫ|28
|28
Ң|28
ң|28
|28
Ҥ|28
|28
|28
س|28
ҥ|28
Ҩ|28
ز|28
Կ|28
ߺ|28
|28
|28
|28
|28
|28
|28
|28
|28
|28
|28
ű|28
ô|28
|28
|28
Լ|28
|28
Ҳ|29
ҳ|29
Ҷ|29
ҵ|29
ҹ|29
Ұ|29
Ү|29
Һ|29
ү|29
ұ|29
Ҭ|29
|29
|29
ҭ|29
ҷ|29
Ҵ|29
|29
|29
Ҹ|29
|29
|29
|29
|29
а|29
ק|29
һ|34
|34
|34
|34
|34
|34
|34
|34
|34
|34
|34
|34
|34
|34
|34
ҽ|34
|34
|34
|34
|34
|34
|34
|34
|34
β|34
Ҽ|34
|34
|34
|34
|34
|34
|34
|34
|34
|34
|34
|34
|34
|34
|34
|34
|34
|34
|34
ܲ|34
|34
|34
߮|34
|34
|34
|34
|34
|34
|34
|34
|34
|34
|34
Ҿ|34
|34
|34
|34
|34
|34
|34
|34
|34
|34
ڱ|34
|34
|34
|34
|34
|34
޲|34
|34
|34
|34
|34
|34
ҿ|34
|34
|34
|34
|34
|34
|34
|34
߽|34
|34
|34
|34
|34
٫|34
|34
|34
|34
|34
|34
|34
|34
|34
|34
|34
|34
|34
|34
|40
|40
|40
|40
ӡ|40
|40
|40
|40
|40
|40
|40
|40
|40
ط|40
|40
|40
|40
|40
|40
|40
|40
|40
|40
|40
|40
|40
|40
۴|40
|40
|40
|40
|40
ܧ|40
|40
|40
|40
Ӧ|41
Ӯ|41
Ӣ|41
Ӳ|41
Ӱ|41
Ӫ|41
ӭ|41
ӥ|41
ӯ|41
ӱ|41
ӳ|41
Ө|41
ӣ|41
|41
Ӥ|41
Ӭ|41
ݺ|41
|41
|41
ӧ|41
|41
|41
ө|41
۫|41
|41
ӫ|41
|41
|41
|41
|41
|41
|41
|41
|41
|41
|41
|41
|41
|41
Ӵ|44
|44
|45
|45
|45
ӵ|45
ӿ|45
ӽ|45
Ӿ|45
Ӻ|45
ӹ|45
Ӽ|45
Ӷ|45
|45
ٸ|45
|45
|45
|45
Ӹ|45
|45
ܭ|45
ӻ|45
|45
|45
ӷ|45
|45
|45
|46
|46
|46
|46
|46
|46
|46
|46
|46
|46
|46
|46
|46
|46
|46
|46
|46
|46
|46
|46
|46
|46
|46
|46
|46
|46
|46
٧|46
|46
|46
ݯ|46
|46
|46
|46
|46
|46
|46
ݬ|46
ݵ|46
|46
|46
|46
|46
|47
|47
|47
|47
|47
|47
|47
|47
|47
|47
|47
|47
|47
Ԥ|47
ԡ|47
|47
|47
|47
|47
|47
|47
|47
|47
ԣ|47
|47
|47
|47
|47
|47
|47
ԥ|47
|47
|47
|47
|47
|47
ع|47
Ԣ|47
|47
|47
|47
|47
|47
|47
|47
|47
|47
|47
|47
|47
|47
|47
|47
Ԧ|47
|47
|47
|47
|47
|47
|47
|47
|47
خ|47
|47
|47
|47
|47
|47
|47
|47
|47
|47
|47
ٶ|47
|47
|47
|47
|47
|47
|47
|47
|47
|47
|47
|47
ξ|47
|47
|47
|47
|47
ε|47
د|47
|47
|47
|47
|47
Ԫ|50
Զ|50
ԭ|50
Դ|50
Ա|50
԰|50
Ժ|50
Ը|50
Բ|50
Ԭ|50
Ե|50
Է|50
Թ|50
|50
ԩ|50
Ԩ|50
Ԯ|50
Գ|50
ԫ|50
|50
|50
ԧ|50
ܫ|50
ԯ|50
|50
|50
|50
|50
ܾ|50
|50
|50
|50
|50
|50
|50
|52
Խ|52
Լ|52
Ի|52
|52
|52
|52
Ծ|52
|52
|52
˵|52
|52
|52
|52
|52
|52
|52
|52
Կ|52
|54
|54
|54
|54
ܿ|54
|54
|54
|54
|54
|54
|54
|54
|54
|54
|54
|54
|54
|54
|54
|54
|54
۩|54
|54
|54
Ա|54