ը|24
|24
|24
բ|24
է|24
գ|24
|24
թ|24
ե|24
զ|24
|24
|24
߸|24
ա|24
|24
|24
|24
|24
դ|24
|24
|24
|24
|24
|24
|24
|24
|24
ժ|25
լ|25
խ|25
ծ|25
ի|25
կ|25
|25
|25
|25
|25
|25
|25
վ|26
ռ|26
ս|26
չ|26
ն|26
մ|26
ղ|26
ճ|26
պ|26
յ|26
տ|26
ջ|26
հ|26
ձ|26
|26
|26
շ|26
|26
ո|26
|26
|26
|27
|27
|27
|27
|27
|27
|27
|27
|27
|27
|27
|27
|27
|27
|27
|27
|27
|27
|27
|27
|27
۵|27
|27
|27
|28
|28
|28
|28
|28
|28
|28
|28
|28
|28
گ|28
|28
|28
|28
|28
צ|28
|28
|28
|28
|29
|29
|29
|29
|29
|29
|29
|29
|29
|29
|29
ر|29
|29
|29
|29
|29
|29
|29
ߡ|29
|29
|29
|29
|29
|30
|31
|31
|31
|31
|31
|31
|31
|31
֡|31
|31
|31
|31
|31
|31
|31
|31
|31
|31
|31
|31
|31
|31
|31
|31
|31
|31
|31
|31
|31
|31
|31
|31
|31
|31
|32
|32
֤|32
֣|32
|32
|32
֢|32
|32
|32
|32
|32
|32
|32
|32
|32
|32
ں|32
|32
|32
|32
֮|34
ֻ|34
|34
ֵ|34
ָ|34
֪|34
ֱ|34
|34
ֽ|34
|34
־|34
֧|34
|34
|34
|34
|34
ֹ|34
֦|34
֭|34
ְ|34
֥|34
ִ|34
ֲ|34
֬|34
֯|34
|34
|34
|34
|34
|34
ַ|34
ּ|34
֫|34
ֺ|34
|34
|34
|34
֨|34
ֶ|34
|34
ֿ|34
|34
|34
ֳ|34
|34
|34
ۤ|34
|34
|34
|34
|34
|34
|34
|34
|34
|34
|34
|34
|34
ش|34
|34
|34
|34
|34
|34
|34
|34
֩|34
|34
|34
|34
|34
|34
|34
|34
|34
|34
|34
|34
ʶ|34
|45
|45
|45
|45
|45
|45
|45
|45
|45
ڣ|45
|45
|45
|45
|45
|45
|45
|45
|45
|46
|46
|46
|46
|46
|46
|46
|46
|46
|46
|46
|46
|46
|46
|46
|46
|46
|46
|46
|46
|46
|46
|46
ݧ|46
ס|47
|47
|47
|47
ף|47
|47
|47
ע|47
|47
פ|47
|47
|47
|47
|47
|47
|47
|47
|47
|47
|47
|47
|47
|47
|47
|47
|47
|47
|47
|47
|47
|47
|47
|47
٪|47
|47
|47
|47
ۥ|47
|47
|47
|47
|47
|47
|47
ؼ|47
|47
|47
|47
|47
|47
|47
ץ|48
צ|48
|48
ק|49
ת|50
׬|50
ר|50
ש|50
|50
׫|50
׭|50
|50
|50
|50
װ|51
״|51
ׯ|51
ײ|51
׳|51
ױ|51
׮|51
|51
|51
|51
|51
׷|53
׹|53
׺|53
׶|53
׵|53
׸|53
|53
|53
|53
|53
׼|54
|54
׻|54
|54
|54
|55
׿|55
|55
׽|55
|55
׾|55
|55
|55
|55
|55
|55
|55
|55
ߪ|55
پ|55
|55
|55
|55
|55
|55
|55
|55
|55