|24
|24
|24
٤|24
|24
|24
|24
|24
|24
|24
|24
|25
|25
|25
|25
|25
ؤ|25
|25
|25
|25
|25
|25
|25
|26
|26
|26
|26
|26
|26
|26
|26
|26
|26
Ǭ|26
|26
|26
|26
ߦ|26
|26
|26
|26
|26
|26
|26
|26
|26
|26
|26
|27
|27
|27
|27
|27
|27
|27
|27
|27
|27
|27
|27
|27
|28
|28
|28
|28
|28
|28
|28
|28
|28
۬|28
|28
|28
ھ|28
|28
غ|28
|28
|28
޻|28
|28
|29
|29
|29
|29
|29
|29
|29
|29
|29
|29
|29
|29
|29
|29
|29
|29
|29
|29
|29
|29
|29
|29
|29
ت|29
|29
|29
|29
|29
|29
|29
|29
|29
|29
|29
ܪ|29
|29
|30
|31
|31
|31
|31
ب|31
ݢ|31
|32
|32
|32
|32
|32
|32
|32
|32
|32
|32
|32
|32
|45
|45
|45
|45
|45
|45
|45
|45
|45
|45
|45
|45
|45
|45
|45
|45
|45
|45
|45
|45
|46
|46
|46
|46
|46
|46
|46
|46
|46
|46
ڸ|46
|46
|46
|46
|46
|46
|46
|46
|46
|46
|46
|46
|47
|47
|47
|47
|47
|47
|47
|47
|47
|47
|47
|47
|47
|47
|47
|47
|47
|47
|47
|47
|47
|47
|47
|47
|47
|47
|47
|47
ڬ|47
|47
|47
|47
|47
|47
|47
|47
|47
|47
|47
|47
|47
|47
|47
|48
|48
|48
|48
|48
|48
|48
|48
|48
|48
ڴ|48
|48
|48
|49
|49
|49
|49
|50
|50
|50
|50
|50
|50
|50
|50
|50
|50
|50
ݸ|50
|50
|50
|50
|50
|50
|50
|50
|50
|51
|51
|51
|51
|51
|51
|51
|53
|53
|53
|53
|53
|53
|53
|53
|53
|53
|53
|53
|53
|53
|53
|53
|53
|53
|53
|53
|53
|53
|53
|53
|53
|53
|53
|53
|54
|54
|54
|54
|54
ح|54
|54
|54
|55
|55
|55
|55
|55
|55
|55
|55
|55
|55
|55
|55
|55
|55
|55
|55
|55
|55
|55
|55