|34
|34
|34
|34
|34
|34
|34
|34
|34
|34
|34
|34
|34
|34
|34
|34
|34
|34
|34
|34
|34
|34
|34
|34
|34
|34
|34
|34
|34
|34
|34
|34
|34
|34
|34
|34
|34
ߴ|34
|34
|34
|34
|34
|34
|34
|34
|34
|34
|34
|34
|34
|34
|34
|34
|34
|34
آ|34
|34
|34
|34
|34
ϵ|34
|34
|34
|34
|34
|34
|34
|34
ؽ|34
|34
|34
|34
|34
|34
|34
|34
|34
|34
|34
|34
|34
|34
|34
|34
|34
٥|34
|34
|34
|34
|34
|34
|34
ܸ|34
|34
|34
|34
|34
|34
|34
|34
|34
|34
|34
ު|34
|34
ڵ|34
|34
|34
|34
|35
|35
|35
|35
|35
|35
|35
|35
|35
|35
|35
|35
|35
|35
|35
|35
|35
|35
|35
|35
|35
|35
٤|35
|35
|35
|35
|35
|35
ۣ|35
|35
|35
|35
|35
|35
|35
|35
|35
|36
|36
|36
|36
|36
|36
|36
|36
|36
|36
|36
|36
|36
|36
|36
|36
|36
|36
|36
|36
|36
|36
|36
|36
|36
|36
|36
|36
|36
|36
|36
|36
|36
|36
|36
|36
|36
|36
|36
|36
|36
|36
|36
|36
|36
|36
|36
|36
|36
|36
|36
|36
|36
|36
|36
|36
|36
|36
|36
|36
|36
|36
|36
|36
|36
|36
|36
|36
|36
ǳ|36
|37
|37
|37
|37
|37
|37
|37
|37
|37
|37
|37
|37
|37
|37
|37
|37
|37
|37
|37
|37
|37
|37
|37
|37
ǿ|37
|38
|38
|38
|38
|38
|38
|38
|38
|38
|38
|38
|38
|38
|38
|38
|38
|38
|38
|38
|38
|38
|38
|38
|38
|38
|38
|38
|38
|38
|38
|38
У|38
|38
|38
|38
|38
|38
ٮ|38
|38
|38
|38
|38
|38
|38
|38
|38
ܴ|38
|38
|39
|39
|39
|39
|39
|39
|39
|39
|39
|39
|39
|39
|39
|39
|39
|39
|39
|39
|39
|39
|39
|39
|39
|39
|39
|39
|39
|39
|39
|39
|39
ڵ|39
|39
|39
|39
ڦ|39
|39
|39
|39
|39
|39
|39
|39
|39
|39
|39
|39
|39
|40
|40
|40
|40
|40
|40
|40
|40
|40
|40
|40
|40
|40
|40
|40
|40
|40
|40
|40
|40
|40
|40
|40
|40
|40
|40
|40
|40
|40
ݣ|40
|40
|40
|40
|40
|41
|41
|41
|41
|41
|41
|41
|41
|41
|41
|41
|41
|41
|41
|41
|41
|41
|41
|41
|41
|41
ݼ|41
|41
|41
|41
|41
|41
|41
|41
|41
|41
|41
|41
|41
|41
|41
|41
|41
|41
|41
|41
|42
|42
|42
|42
|42
|42
|43
|43
|43
|43
|43
|43
|43
|43
|43
|43
|43
|43
|43
|43
|43
|43
|43
|43
|43
|43
|43
|43
|43
|43
|43
|43
|47
|47
|47
|47
|47
|47
|47
|47
|47
|47
|47
|47
|47
|47
|47
|47
|47
|47
|47
|47
|47
|47
|47
|47
|47
ڪ|47
|47
|47
|47
|47
|47
|47
|47
|47
|47
|47
|47
|47
|47
|47
|47
|47
|47
|47
|47
|47
|47
|47
|47
|47
|47
|47
|47
|47
|47
|50
|50
|50
|50
|50
|50
|50
|50
Ȧ|50
|50
|50
|50
۲|50
|50
|50
|50
|52
|52
|52
|52
|52
|52
|52
|52
|52
|52
|52
|52
|52
|52
|52
ާ|52
|52
|52
|52
|52
|52
|52
|52
|52
|52
|52
|52
|52
|52
|52
|52
|54
|54
|54
|54
|54
|54
|54
|54
|54
|54
|54
|54
|54
|54
|54
|54
|54