|24
|24
|24
|24
|24
|24
|24
|25
|25
|25
|25
|25
|25
|25
|25
|25
|25
|25
|25
|25
|26
|26
|26
٩|26
|26
|26
|26
|26
|26
|26
|26
|26
|26
Ƕ|26
ݨ|26
|27
|27
|27
|27
|27
|27
|27
|27
|27
|27
|28
|28
|28
|28
|28
|28
|28
|28
|29
|29
|29
|29
|29
|29
|29
|29
|29
|29
|29
|29
|29
|29
|29
|29
|29
|29
|29
|29
|29
|29
|29
|29
|29
|29
|29
|29
|29
|29
|29
|29
|29
|29
|31
|31
|31
|31
|31
|31
|32
|32
|32
|45
|45
|45
|45
|45
|45
|45
|46
|46
|46
|46
ߵ|46
ޢ|46
|46
|46
|46
|47
|47
|47
|47
|47
|47
|47
ܥ|47
|47
|47
|47
|47
|48
|48
|48
|48
|48
٨|48
|49
|49
|49
|49
|49
|49
|49
|49
|49
ۦ|49
|49
|50
|50
|50
|51
|51
|51
|51
|51
|51
|51
|51
|51
|51
ڿ|51
|51
ڲ|51
|51
|51
|51
|53
|53
|53
|53
|53
|53
|53
|53
|53
|53
|53
|53
|53
|53
|53
|53
|53
|53
ظ|53
|53
|53
|53
|53
|53
|53
|53
|53
|53
|53
|54
|54
|54
|54
|54
|54
|54
|54
|54
|54
|54
|55
|55
|55
|55
|55
|55