9
11
100 100
100 150
110 150
110 130
130 130
130 120
110 120
110 110
135 110
135 100
100 100
13
160 100
160 150
195 150
195 140
170 140
170 130
190 130
190 120
170 120
170 110
195 110
195 100
160 100
7
220 100
220 150
255 150
255 140
230 140
230 100
220 100
13
280 100
280 110
290 110
290 140
280 140
280 150
310 150
310 140
300 140
300 110
310 110
310 100
280 100
19
340 100
340 107
353 120
353 130
340 143
340 150
347 150
357 140
367 150
375 150
375 143
362 130
362 120
375 107
375 100
367 100
357 110
347 100
340 100
12
280 200
280 207
293 220
293 250
302 250
302 220
315 207
315 200
307 200
297 210
287 200
280 200
10
360 200
340 220
340 250
350 250
350 230
370 230
370 250
380 250
380 220
360 200
4
360 210
350 220
370 220
360 210
15
400 200
400 250
410 250
410 210
413 213
413 238
425 250
435 250
435 200
423 200
423 240
420 237
420 210
410 200
400 200
