|24
|24
|24
|24
|24
|24
|24
|24
|24
|24
|24
|24
|24
|24
|24
|24
|24
|24
|24
|24
|24
|24
|24
|24
T|24
|24
|24
|24
|24
|24
F|24
j|24
^|24
_|24
҆|24
[|24
i|24
y|24
M|24
R|24
|24
|24
|24
|25
|25
|25
|25
|25
|25
|25
|25
|25
|25
|25
|25
|25
[|25
|25
|25
|25
|25
|25
|25
q|25
|26
|26
|26
|26
|26
|26
|26
|26
|26
|26
|26
|26
|26
|26
|26
|26
|26
k|26
|26
|26
|26
|26
|26
|26
{|26
C|26
|26
O|26
Z|26
|26
|26
L|26
k|26
E|26
[|26
|26
Ά|26
|26
|26
|27
|27
|27
|27
|27
|27
|27
|27
|27
|27
|27
|27
|27
|27
|27
|27
|27
|27
|27
r|27
Y|27
D|27
^|27
s|27
R|27
g|27
Ő|27
L|27
|28
|28
|28
|28
|28
|28
|28
|28
|28
|28
|28
|28
|28
|28
|28
|28
|28
|28
|28
|28
|28
|28
|28
|28
ǘ|28
|28
|28
|28
|28
|28
|28
U|28
|28
|28
|28
|28
|28
|28
}|28
~|28
|28
t|28
d|28
̙|28
|28
_|28
A|28
s|28
R|28
h|28
|28
|28
|28
|30
|30
|30
|30
|30
|30
|30
|30
|30
|30
|30
|30
|30
|30
|30
|30
|30
|30
|30
|30
h|30
|30
|30
ؐ|30
|30
|30
݅|30
|30
D|30
|30
|30
|30
|30
i|30
|30
|30
|30
|30
R|30
^|30
d|30
|30
G|30
v|30
o|30
f|30
N|30
c|30
ˍ|30
L|30
f|30
l|30
|30
|31
|31
|31
|31
|31
|31
`|31
|31
|31
|31
|31
Q|31
y|31
|31
|32
|32
|32
|32
|32
|32
|32
|32
|32
|32
|32
p|32
|32
e|32
E|32
l|32
|32
a|32
|34
|34
|34
|34
|34
|34
|34
|34
|34
|34
|34
|34
|34
|34
|34
|34
|34
|34
|34
|34
|34
|34
|34
|34
|34
|34
|34
|34
|34
|34
|34
|34
|34
ذ|34
|34
|34
޵|34
|34
P|34
|34
|34
|34
|34
|34
|34
|34
|34
|34
|34
ƃ|34
|34
|34
V|34
]|34
|34
|34
|34
|34
|34
|34
|34
|34
|34
|34
|34
|34
L|34
|34
|34
s|34
ݩ|34
R|34
v|34
|34
|34
S|34
|34
|34
|34
a|34
ߛ|34
w|34
|34
z|34
v|34
|34
|34
|34
[|34
a|34
ۋ|34
|34
|34
o|34
|34
P|34
|34
|34
|34
`|34
f|34
@|34
Y|34
|34
b|34
F|34
ɜ|34
؄|34
X|34
H|34
|34
a|34
|34
͚|34
`|34
|34
g|34
|34
S|34
I|34
|34
|34
a|34
E|34
z|34
|34
|34
|36
|36
|36
|36
|36
|36
|36
|36
|36
|36
|36
|36
|36
|36
|36
׃|36
|36
߅|36
|36
|36
|36
|36
|36
|36
|36
|36
q|36
|36
߄|36
|36
H|36
\|36
|36
|36
|36
|36
e|36
p|36
|36
l|36
q|36
O|36
Ō|36
P|36
|36
K|36
M|36
O|36
H|36
u|36
|38
|38
|38
|38
|38
|38
|38
|38
|38
|38
|38
|38
|38
|38
|38
|38
l|38
l|38
|38
j|38
|38
Օ|38
ˑ|38
F|38
|38
s|38
|38
S|38
|38
Y|38
|38
~|38
ٙ|38
g|38
w|38
|38
d|38
A|38
k|38
B|38
|39
|39
|39
|39
e|39
|39
|39
M|39
|39
h|39
|39
T|39
|39
̋|39
X|39
|39
r|39
|40
|40
|40
|40
|40
|40
|40
|40
|40
|40
|40
|40
|40
|40
|40
|40
e|40
|40
|40
ߓ|40
I|40
W|40
_|40
l|40
ϙ|40
P|40
M|40
Ĝ|40
̞|40
|40
x|40
\|40
E|40
|41
|41
|41
|41
|41
|41
|41
|41
|41
K|41
|41
|41
|41
|41
|41
|41
|41
|41
|41
@|41
m|41
|41
|41
m|41
A|41
|41
v|41
|41
V|41
p|41
}|41
|41
|41
u|41
@|41
v|41
|41
|41
T|41
|41
s|41
|41
|41
|44
|44
|44
|44
|44
|44
|44
|44
|44
|44
|44
|44
|44
|44
|44
|44
|44
|44
|44
h|44
|44
|44
|44
|44
|44
|44
|44
|44
|44
|44
|44
k|44
|44
|44
|44
R|44
|44
|44
|44
n|44
|44
|44
|44
|44
g|44
|44
|44
|44
Y|44
|44
N|44
y|44
~|44
L|44
`|44
|44
q|44
|44
\|44
\|44
z|44
c|44
|44
|44
|44
`|44
ȕ|44
K|44
o|44
}|44
@|44
G|44
R|44
|44
Q|44
P|44
|47
|47
|47
|47
|47
|47
|47
|47
|47
߲|47
|47
|47
|47
|47
a|47
|47
i|47
|47
|47
|47
|47
|47
|47
|47
Q|47
G|47
|47
J|47
|47
ɞ|47
c|47
Y|47
m|47
^|47
K|47
