|24
|24
|24
|24
|24
|24
|24
|24
|24
|24
|24
ǉ|24
|24
|24
Ϟ|24
D|24
|24
F|24
B|24
ė|24
|24
|24
|24
ˈ|24
n|24
`|24
Y|24
|25
|25
|25
|25
|25
|25
|25
|25
|25
|25
|25
ه|25
|25
|25
|25
||25
R|25
|25
|25
Q|25
]|25
m|25
|25
|25
[|25
n|25
A|25
Z|25
|25
D|25
v|25
s|25
|25
D|25
l|25
|25
|26
|26
|26
|26
|26
|26
|26
|26
|26
|26
|26
|26
|26
|26
|26
|26
{|26
m|26
|26
|26
|26
a|26
|26
|26
|26
|26
|26
G|26
|26
@|26
|26
|26
|26
E|26
E|26
r|26
|26
|26
|26
[|26
|26
|26
|26
@|26
_|26
||26
|26
_|26
|26
|26
w|26
|26
E|26
f|26
h|26
|26
|26
G|26
Y|26
A|26
h|26
׎|26
|26
||26
|27
|27
|27
|27
|27
|27
|27
|27
O|27
|27
|27
|27
ݹ|27
|27
~|27
|27
|27
R|27
i|27
|27
|27
|27
L|27
}|27
|27
Z|27
O|27
D|27
^|27
J|27
|28
|28
|28
|28
|28
|28
|28
|28
|28
|28
|28
|28
|28
|28
|28
|28
|28
K|28
|28
|28
|28
|28
|28
X|28
|28
N|28
|28
͌|28
|28
|28
`|28
|28
|28
|28
Z|28
A|28
|28
u|28
~|28
Q|28
J|28
|28
|28
|29
|29
|29
߷|29
|29
|29
|29
S|29
|29
|29
|29
|29
|29
|29
i|29
b|29
|30
|30
|30
|30
|30
|30
|30
|30
|30
|30
|30
|30
|30
|30
I|30
|30
|30
|30
ڳ|30
|30
n|30
|30
|30
|30
|30
|30
|30
|30
ˉ|30
|30
[|30
|30
|30
|30
h|30
ɠ|30
t|30
w|30
W|30
C|30
D|30
C|30
N|30
|30
q|30
z|30
r|30
̅|30
||30
[|30
|30
P|30
Ϝ|30
X|30
|30
|30
a|30
L|30
|32
|32
|32
|32
ܨ|32
|32
|32
|32
|32
J|32
k|32
|34
|34
|34
|34
|34
|34
|34
|34
|34
|34
|34
|34
|34
|34
|34
|34
|34
|34
|34
|34
|34
|34
|34
|34
e|34
|34
Y|34
|34
|34
|34
|34
|34
|34
|34
|34
|34
ٳ|34
|34
۪|34
|34
|34
|34
|34
|34
޼|34
|34
x|34
ݰ|34
P|34
ٵ|34
|34
Y|34
|34
|34
|34
|34
߿|34
|34
|34
|34
|34
o|34
|34
|34
|34
|34
|34
|34
|34
|34
ت|34
џ|34
|34
|34
|34
N|34
|34
|34
|34
|34
|34
|34
|34
|34
v|34
|34
|34
s|34
|34
|34
`|34
|34
|34
|34
|34
|34
|34
|34
|34
h|34
|34
|34
|34
r|34
|34
|34
|34
||34
n|34
W|34
|34
|34
|34
|34
|34
|34
|34
|34
r|34
W|34
C|34
A|34
|34
ւ|34
Z|34
|34
|34
|34
Ϡ|34
y|34
P|34
|34
r|34
P|34
|34
^|34
]|34
O|34
|34
ׁ|34
|34
[|34
G|34
c|34
|34
X|34
ƍ|34
|34
\|34
|34
|34
Ǘ|34
^|34
w|34
_|34
ߊ|34
t|34
k|34
k|34
G|34
g|34
|34
b|34
`|34
c|34
|34
|34
]|34
k|34
j|34
˞|34
^|34
|34
v|34
]|34
c|34
~|34
ϋ|34
H|34
Z|34
V|34
|34
|34
{|34
u|34
W|34
b|34
Z|34
P|34
T|34
|35
z|35
|36
|36
|36
|36
|36
|36
|36
|36
|36
|36
|36
|36
B|36
|36
|36
|36
|36
|36
|36
|36
Ę|36
|36
|36
|36
|36
|36
ɏ|36
|36
|36
|36
|36
|36
|36
|36
|36
|36
|36
|36
z|36
|36
|36
`|36
|36
|36
|36
I|36
i|36
|36
I|36
a|36
O|36
b|36
|36
֋|36
I|36
H|36
n|36
|36
Y|36
n|36
V|36
c|36
|36
Ҝ|36
|36
|36
ў|36
|36
|36
j|36
ۚ|36
|36
|36
|37
|37
|37
|37
|37
|37
|37
|37
|37
|37
|37
|37
|37
|37
|37
n|37
|37
|37
|37
|37
|37
I|37
Տ|37
Z|37
|37
Z|37
|37
v|37
ܮ|37
|37
o|37
@|37
n|37
g|37
y|37
||37
H|37
|37
͙|37
u|37
݈|37
|38
|38
|38
|38
|38
|38
|38
|38
|38
|38
|38
|38
|38
ޤ|38
|38
|38
|38
|38
|38
|38
|38
|38
t|38
|38
|38
|38
|38
|38
||38
|38
|38
|38
l|38
|38
N|38
|38
|38
|38
Ă|38
o|38
k|38
|38
i|38
|38
I|38
|38
L|38
|38
R|38
m|38
|38
|38
f|38
|39
|39
|39
|39
|39
|39
|39
|39
|39
|39
|39
|39
|39
|39
|39
C|39
|39
|39
|39
V|39
|39
ޘ|39
F|39
|39
}|39
Ɣ|39
d|39
Y|39
h|39
|39
|40
|40
|40
|40
|40
|40
|40
|40
|40
|40
|40
|40
|40
|40
U|40
|40
|40
|40
|40
R|40
|40
|40
|40
|40
|40
|40
|40
|40
|40
|40
|40
z|40
|40
|40
|40
[|40
C|40
|40
[|40
H|40
j|40
U|40
k|40
|40
l|40
|40
O|40
|40
\|40
O|40
A|40
|40
L|40
C|40
C|40
|40
|40
_|40
@|40
i|40
V|40
|41
|41
|41
|41
|41
|41
|41
|41
|41
|41
|41
|41
|41
|41
|41
|41
|41
|41
|41
|41
|41
`|41
|41
|41
I|41
|41
|41
|41
|41
c|41
|41
۹|41
z|41
|41
X|41
g|41
R|41
|41
|41
|41
|41
|41
|41
|41
H|41
ʙ|41
|41
|41
|41
C|41
h|41
s|41
O|41
f|41
|41
|41
o|41
N|41
C|41
|41
|41
s|41
|41
g|41
k|41
|41
`|41
h|41
{|41
||41
|41
E|41
|43
|43
|43
|43
|43
|43
|43
|43
½|43
|43
|43
|43
|43
µ|43
|43
|43
|43
|43
|43
|43
|43
s|43
|43
|43
ۉ|43
|43
|43
|43
|43
|43
g|43
B|43
|43
S|43
|43
C|43
|43
A|43
s|43
|43
t|43
V|43
y|43
q|43
|43
^|43
˘|43
w|43
g|43
^|43
]|43
d|43
Y|43
z|43
|43
f|43
w|43
|43
|44
|45
¡|45
Ū|45
|45
£|45
|45
¤|45
¢|45
|45
|45
|45
|45
|45
|45
|45
|45
|45
|45
o|45
|45
|45
\|45
|45
|45
n|45
F|45
{|45
@|45
|45
x|45
U|45
|45
a|45
]|45
|45
|45
t|45
|45
T|45
H|45
T|45
V|45
[|45
a|45
F|45
|45
d|45
Y|45
L|45
_|45
N|45
X|45
|45
\|45
¥|46
|46
©|46
¶|46
§|46
¦|46
|46
ª|46
¨|46
|46
|46
|46
|46
|46
D|46
|46
|46
|46
|46
|46
E|46
I|46
|46
U|46
k|46
v|46
e|46
|46
N|46
M|46
Ŕ|46
|46
V|46
t|46
·|47
½|47
¼|47
³|47
¶|47
¬|47
¯|47
¹|47
»|47
|47
«|47
±|47
´|47
®|47
|47
|47
­|47
²|47
º|47
°|47
¾|47
ߣ|47
|47
|47
µ|47
|47
|47
¸|47
|47
|47
|47
|47
|47
|47
|47
|47
R|47
|47
|47
|47
f|47
|47
|47
|47
|47
|47
t|47
|47
|47
ʀ|47
|47
|47
|47
]|47
|47
|47
|47
|47
|47
̔|47
|47
|47
J|47
|47
|47
Ǌ|47
J|47
U|47
J|47
V|47
|47
f|47
X|47
J|47
u|47
c|47
|47
F|47
F|47
]|47
L|47
T|47
B|47
F|47
|47
O|47
||47
v|47
|47
r|47
z|47
Ӏ|47
G|47
o|47
|47
A|47
{|47
@|47
I|47
j|47
A|47
j|47
o|47
|47
|47
_|47
U|47
F|47
t|47
ɝ|47
|47
G|47
|47
S|47
n|47
V|47
B|47
y|47
ۍ|47
|47
R|47
I|47
ś|47
y|47
n|47
|50
|50
|50
|50
|50
|50
y|50
|50
|50
|50
|50
|50
[|50
|50
|50
|50
n|50
|50
c|50
L|50
D|50
\|50
K|50
a|50
g|50
|50
|52
|52
|52
|52
s|52
|54
|54
|54
|54
|54
|54
|54
Փ|54
]|54
|54
݆|54
|54
|54
|54
|54
|54
S|54
|54
|54
|54
|54
|54
|54
F|54
|54
ǒ|54
i|54
K|54
|54
|55
|55
|55
|55
|55
|55
|55
|55
|55
|55
|55
|55
|55
|55
|55
|55
|55
_|55
|55
|55
|55
|55
|55
|55
|55
|55
|55
|55
|55
|55
|55
}|55
|55
|55
|55
|55
|55
j|55
ƌ|55
|55
z|55
R|55
j|55
|55
|55
[|55
|55
߉|55
|55
I|55
ԛ|55
T|55
|55
|55
i|55
z|55
w|55
T|55
|55
m|55
M|55
s|55
B|55
|55
|56
|56
|56
|56
¿|56
|56
|56
|56
|56
|56
|56
|56
|56
|56
|56
|56
G|56
|56
|56
|56
|56
|56
|56
]|56
|56
|56
H|56
|56
|56
||56
|56
|56
|56
h|56
H|56
X|56
|56
v|56
|56
o|56
@|56
Ȅ|56
|56
t|56
֌|56
˃|56
||56
f|56
|56
`|56
V|56
|56
L|56
~|56
r|56
y|56
|56
