߼|0
`|0
|0
|24
|24
|24
|24
|24
|24
|24
|24
|24
Ĩ|24
R|24
ô|24
|24
|24
R|24
|24
|24
|24
a|24
|24
I|24
|24
|24
|24
O|24
|24
q|24
|24
Ħ|24
M|24
Λ|24
r|24
K|24
W|24
i|24
|24
q|24
T|24
|25
|25
|25
|25
|25
|25
۽|25
|25
|25
I|25
u|25
|25
|25
}|25
ݤ|25
~|25
|25
A|25
X|25
|25
|26
|26
|26
|26
|26
|26
|26
|26
|26
|26
|26
M|26
U|26
á|26
|26
|26
|26
N|26
|26
|26
N|26
|26
ܬ|26
|26
|26
K|26
z|26
m|26
|26
֙|26
`|26
|26
p|26
|26
|26
|26
T|26
|26
z|26
M|26
|26
æ|27
ä|27
â|27
ç|27
ã|27
|27
å|27
|27
|27
|27
|27
|27
|27
|27
|27
|27
|27
ϑ|27
|27
n|27
W|27
M|27
|27
g|27
{|27
|27
ë|28
è|28
|28
ð|28
ï|28
ñ|28
é|28
ì|28
ò|28
ó|28
î|28
ê|28
|28
í|28
؈|28
|28
|28
|28
|28
|28
|28
|28
|28
|28
|28
|28
|28
|28
m|28
|28
|28
d|28
||28
g|28
|28
Q|28
u|28
|28
|28
p|28
^|28
F|28
ɋ|28
T|28
ܚ|28
|28
|28
~|28
c|28
|28
ô|29
|29
N|29
|29
û|30
ÿ|30
|30
÷|30
|30
ú|30
ü|30
ø|30
ö|30
|30
ù|30
ý|30
õ|30
þ|30
]|30
|30
|30
|30
|30
ݮ|30
|30
|30
|30
i|30
|30
Ê|30
|30
|30
V|30
Z|30
|30
|30
|30
|30
d|30
t|30
|30
ƀ|30
M|30
|30
C|30
q|30
s|30
|30
c|30
|30
B|30
z|30
j|30
P|30
|30
n|30
r|30
|30
u|30
|31
|31
|31
|31
|31
T|31
|31
|31
|31
|31
|31
|31
|31
|31
|31
ǖ|31
{|31
F|31
|31
|31
J|31
|31
|31
̊|31
|32
|32
|32
|32
|32
|32
|32
|32
|32
|32
|32
|32
|32
|32
|32
|32
ޫ|32
|32
|32
|32
|32
å|32
|32
|32
|32
|32
|32
|32
_|32
Y|32
m|32
|32
|32
E|32
i|32
|32
p|32
|32
|32
L|32
D|32
H|32
|34
|34
|34
|34
|34
|34
|34
|34
|34
|34
|34
|34
|34
|34
|34
|34
|34
|34
|34
|34
|34
|34
|34
|34
|34
|34
|34
|34
|34
|34
|34
i|34
|34
|34
Ғ|34
|34
[|34
|34
z|34
|34
d|34
|34
k|34
`|34
|34
q|34
|34
}|34
|34
Z|34
U|34
|34
Қ|34
|34
a|34
|34
a|34
e|34
|34
D|34
]|34
|34
|34
Ȏ|34
^|34
J|34
|34
Q|34
|34
J|34
|36
|36
|36
|36
|36
|36
|36
|36
|36
|36
|36
|36
I|36
|36
a|36
|36
d|36
|36
D|36
|36
|36
i|36
||36
|36
|36
M|36
|36
|36
|36
|36
e|36
t|36
x|36
|36
|38
|38
|38
|38
|38
|38
|38
|38
|38
|38
|38
|38
|38
|38
|38
|38
R|38
|38
|38
N|38
b|38
k|38
F|38
]|38
|39
|39
ؿ|39
|39
|39
|39
}|39
|39
|39
|39
`|39
I|39
x|39
|40
|40
|40
|40
|40
|40
F|40
|40
|40
|40
|40
|40
|40
|40
|40
|40
|40
|40
|40
G|40
|40
|40
h|40
|40
|40
|40
}|40
|40
o|40
|40
w|40
F|40
|40
|40
ϟ|40
\|40
B|40
b|40
x|40
|40
|41
|41
|41
|41
|41
ڤ|41
|41
|41
|41
|41
|41
|41
|41
|41
Q|41
|41
|41
Ԛ|41
|41
q|41
K|41
i|41
|41
p|41
D|41
|43
|43
|43
և|43
Ī|44
|44
ħ|44
ĩ|44
Ĥ|44
ĥ|44
ģ|44
ī|44
Ĩ|44
Ħ|44
Ĭ|44
û|44
ĭ|44
İ|44
Į|44
|44
|44
ġ|44
|44
|44
|44
Ģ|44
|44
į|44
|44
|44
ô|44
|44
|44
|44
|44
|44
|44
|44
e|44
|44
|44
a|44
|44
ð|44
}|44
{|44
|44
փ|44
O|44
]|44
|44
|44
|44
|44
|44
ˏ|44
|44
|44
g|44
J|44
U|44
|44
C|44
f|44
x|44
h|44
_|44
͈|44
s|44
Q|44
r|44
j|44
|44
ĳ|46
ı|46
|46
Ĳ|46
|46
ٰ|46
\|46
|46
|46
|46
|46
w|46
E|46
|46
ľ|47
ĸ|47
Ŀ|47
Ķ|47
|47
Ĺ|47
ķ|47
Ľ|47
|47
Ļ|47
ĺ|47
|47
ļ|47
|47
|47
ĵ|47
Ĳ|47
Ĵ|47
ģ|47
|47
߼|47
|47
|47
|47
|47
ǀ|47
|47
|47
|47
}|47
[|47
f|47
Ɵ|47
|47
|47
r|47
L|47
a|47
|47
|47
c|47
|47
\|47
]|47
J|47
ō|47
|47
r|47
H|47
