|24
|24
|24
ſ|24
ž|24
|24
|24
|24
|24
|24
|24
|24
|24
|24
В|24
Z|24
u|24
ڕ|24
|24
|25
|25
|25
|25
|25
|25
|25
ٽ|25
|25
|25
|25
|25
|25
W|25
u|25
|26
|26
|26
|26
|26
|26
|26
|26
|26
|26
|26
|26
|26
|26
P|26
|26
|26
|26
|26
|26
|26
O|26
|26
|26
|26
|26
Q|26
A|26
|26
G|26
ї|26
j|26
e|26
c|26
ۘ|26
B|26
T|26
g|26
m|26
b|26
|27
|27
|27
|27
|27
|27
|27
|27
|27
|27
|27
|27
|27
|27
|27
P|27
|27
|27
}|27
|28
|28
|28
|28
|28
|28
|28
|28
|28
|28
Ç|28
|28
|28
ь|28
|28
|28
h|28
|28
|28
a|28
|28
E|28
|28
Ј|28
|28
|28
E|28
d|28
B|28
|28
R|28
|30
|30
|30
|30
|30
|30
|30
|30
|30
|30
|30
|30
|30
|30
|30
|30
|30
r|30
[|30
|30
_|30
|30
\|30
Ʉ|30
|30
ƞ|30
a|30
p|30
|30
|30
C|30
|31
|31
|31
|31
v|31
|31
\|31
|31
Ȇ|31
M|31
|32
|32
|32
|32
|32
|32
|32
|32
|32
|32
|32
|32
|32
|32
M|32
|32
s|32
ܡ|32
|32
|32
i|32
|32
|32
|32
|32
y|32
|32
l|32
~|32
A|32
|32
p|32
|32
|32
n|32
|32
s|32
J|32
U|32
|32
u|32
y|32
o|32
m|32
|32
s|32
|32
v|32
Ƥ|34
|34
ƨ|34
|34
Ƣ|34
|34
ƥ|34
|34
|34
|34
ƣ|34
Ʀ|34
ا|34
ơ|34
|34
Ƨ|34
Ʃ|34
|34
|34
|34
|34
|34
|34
|34
|34
|34
|34
|34
|34
|34
ܱ|34
|34
|34
|34
|34
|34
|34
|34
|34
ۯ|34
|34
|34
|34
|34
|34
|34
|34
|34
|34
|34
|34
|34
V|34
|34
q|34
||34
`|34
t|34
|34
o|34
o|34
a|34
m|34
C|34
n|34
B|34
|34
z|34
y|34
W|34
K|34
v|34
u|34
y|34
d|34
|34
F|34
F|34
|34
K|34
|34
K|34
|34
|34
B|34
|34
Ƭ|36
ƪ|36
ƭ|36
ƫ|36
|36
|36
|36
|36
_|36
|36
|36
|36
|36
|36
F|36
՛|36
՗|36
|36
p|36
x|36
M|36
p|36
|36
G|36
j|36
N|36
@|36
Ʊ|38
Ʈ|38
Ư|38
|38
|38
|38
ư|38
|38
|38
|38
h|38
|38
|38
|38
i|38
ր|38
G|38
g|38
ݳ|38
~|38
|38
G|38
|38
|38
H|38
w|38
o|38
|38
Q|38
g|38
E|38
|38
|38
Ʋ|39
Ƴ|39
د|39
|39
|39
|39
|39
|39
Ҕ|39
Ʒ|40
ƴ|40
Ƶ|40
ƶ|40
Ƹ|40
|40
|40
|40
|40
|40
|40
O|40
|40
l|40
ؚ|40
|40
n|40
|40
A|40
W|40
D|40
I|40
ƽ|41
ƾ|41
|41
ƿ|41
|41
Ƽ|41
ƺ|41
ƻ|41
|41
ƹ|41
|41
|41
|41
{|41
u|41
|41
|41
ٷ|41
J|41
|41
|41
|41
J|41
f|41
r|41
ɑ|41
Z|41
Z|41
u|41
L|41
K|41
݃|41
G|41
|41
̓|41
j|41
Z|41
E|41
B|41
|41
z|41
|44
|44
|44
|44
|44
|44
|44
|44
|44
|44
|44
|44
|44
|44
۶|44
|44
|44
H|44
|44
|44
|44
|44
|44
|44
^|44
|44
\|44
K|44
|44
m|44
c|44
|44
w|44
T|44
|44
|44
b|44
|44
F|44
t|44
F|44
|44
k|44
B|44
|46
g|46
|46
|46
|46
|46
|46
J|46
|46
|47
|47
|47
|47
|47
|47
|47
|47
|47
|47
|47
|47
|47
|47
|47
|47
|47
|47
|47
|47
|47
|47
|47
|47
|47
|47
V|47
b|47
|47
|47
m|47
W|47
|47
|47
T|47
|47
|47
|47
L|47
h|47
p|47
n|47
L|47
|47
j|47
M|47
m|47
|47
h|47
r|47
