Ȼ|26
Ⱦ|26
ȼ|26
Ƚ|26
|26
|26
|26
|26
|26
|26
Й|26
|26
z|26
|27
׌|27
|27
|27
ȿ|27
|27
|27
|27
j|27
|27
Z|27
|27
|27
|27
K|27
y|27
`|27
}|27
X|27
|28
|28
|28
|28
|28
@|28
|28
|28
_|28
v|28
|28
|28
|28
Y|28
N|28
|29
|29
|29
|29
|31
|31
|31
|31
|31
|31
|31
|31
U|31
|31
|31
|31
|31
|31
|31
|31
|31
|31
J|31
|31
|31
|31
|31
g|31
|31
\|31
H|31
|31
|31
ܐ|31
|31
P|31
G|31
x|31
B|31
|31
Y|31
ӕ|31
z|31
M|31
|31
~|31
|31
|32
|32
i|32
|32
e|32
|34
~|34
_|34
|45
|45
|45
|45
|45
|45
|45
|45
|45
|45
|45
|45
s|45
|45
|45
|45
|45
|45
|45
|45
g|45
|45
q|45
|45
q|45
P|45
ђ|45
V|45
\|45
h|45
Ǝ|45
|45
x|45
t|45
ϔ|45
|45
s|45
V|45
|45
|46
|46
|46
|46
|46
|46
|46
|46
|46
b|46
||46
`|46
|46
Y|46
݊|46
j|46
Q|46
k|46
k|46
|46
|46
y|46
q|46
|47
|47
|47
|47
|47
|47
|47
|47
|47
|47
|47
|47
|47
|47
|47
|47
|47
|47
|47
|47
|47
|47
|47
z|47
޸|47
|47
T|47
|47
M|47
J|47
|47
r|47
|47
A|47
ʇ|47
d|47
}|47
|47
d|47
S|47
M|47
|50
|50
|50
ܛ|50
|50
|50
X|50
|50
|50
w|50
p|50
^|50
O|50
|53
|53
|53
|53
|53
ި|53
q|53
|53
|53
I|53
|53
J|53
|53
M|53
t|53
G|53
G|53
B|53
|54
|54
|54
c|54
t|54
|54
|55
|55
ټ|55
|55
k|55
S|55
c|55
m|55
e|55
O|55
|55
|55
U|55
|55
|55
