|24
|24
|24
|24
ئ|24
|24
_|24
|24
|24
S|24
|24
|24
|24
`|24
c|24
M|24
|25
|25
|25
|25
|25
ِ|25
w|25
|25
H|25
||25
|26
ɢ|26
ɡ|26
|26
|26
|26
|26
|26
|26
|26
|26
|26
L|26
D|26
|26
B|26
R|26
d|26
ɣ|27
ɥ|27
ɤ|27
|27
|27
|27
ј|27
|27
|27
r|27
|27
ɨ|28
ɧ|28
ɩ|28
ɦ|28
|28
|28
|28
}|28
|28
ܣ|28
|28
|28
|28
|28
X|28
|28
|28
|28
A|28
|28
|28
|28
f|28
ɫ|29
ɪ|29
ɬ|29
|29
|29
|29
|29
|29
|29
|29
C|29
i|29
|29
G|29
֠|29
|29
i|29
|29
w|29
|29
|29
Z|29
m|29
Q|29
o|29
ɭ|31
ɮ|32
O|32
|34
|34
˼|34
˹|34
|34
˾|34
˿|34
|34
˽|34
˺|34
|34
|34
|34
|34
|34
ʳ|34
|34
|34
|34
˻|34
|34
ٹ|34
|34
|34
|34
|34
|34
|34
z|34
|34
|34
|34
h|34
|34
|34
|34
|34
|34
|34
|34
|34
̌|34
|34
\|34
P|34
|34
|34
r|34
|34
q|34
D|34
|34
w|34
@|34
|34
||34
ʑ|34
z|34
t|34
L|34
Җ|34
ʜ|34
j|34
B|34
D|34
{|34
Q|34
·|34
|34
|45
|45
|45
|45
|45
|45
|45
|45
|45
|45
|45
ݿ|45
|45
|45
ڡ|45
b|45
|45
|45
|45
|45
|45
|45
A|45
|45
|45
|45
|45
|45
J|45
Y|45
|45
Z|45
|45
|45
m|45
t|45
@|45
|45
|46
|46
|46
|46
|46
|46
޴|46
C|46
|46
|46
|46
|46
|46
|46
|46
L|46
|46
g|46
˒|46
P|46
|46
\|46
t|46
F|46
n|46
v|46
}|46
b|46
`|46
p|46
|47
|47
|47
|47
|47
|47
|47
|47
|47
|47
|47
|47
K|47
@|47
|47
|47
|47
|47
|47
|47
|47
d|47
|47
|47
V|47
|47
C|47
|47
|47
|47
|47
|47
|47
|47
i|47
M|47
|47
ۑ|47
i|47
|47
d|47
_|47
|47
T|47
h|47
|47
q|47
|47
V|47
|47
|47
˂|47
j|47
T|47
|50
|50
|50
|50
W|50
g|50
i|50
|53
|53
|53
|53
|53
|53
|53
|53
|53
|53
|53
m|53
|53
|53
S|53
q|53
|53
|53
|53
|53
|53
[|53
|53
i|53
|53
|53
r|53
ݴ|53
|53
r|53
Ü|53
|53
|53
|53
Z|53
|53
w|53
v|53
|53
l|53
`|53
\|53
|53
u|53
j|53
|53
X|53
y|53
]|53
|53
Z|53
a|53
p|53
|53
|53
w|53
|54
|54
|54
|54
ݥ|54
|54
O|54
|54
p|54
|54
S|54
p|54
|54
|54
ʘ|54
{|54
q|54
s|54
|54
V|54
|55
|55
|55
|55
|55
|55
ɯ|55
|55
|55
|55
|55
|55
i|55
|55
|55
|55
|55
|55
s|55
|55
Ț|55
|55
|55
|55
|55
|55
a|55
[|55
w|55
|55
t|55
|55
W|55
\|55
j|55
C|55
z|55
