ɶ|24
ɱ|24
ɵ|24
ɳ|24
ɰ|24
ɴ|24
ɷ|24
ɯ|24
ɲ|24
|24
|24
|24
|24
~|24
Q|24
|24
|24
|24
|24
x|24
|24
|24
|24
|24
|24
o|24
ɼ|24
|24
|24
|24
|24
|24
ǝ|24
S|24
e|24
|24
|24
|24
ɹ|25
ɸ|25
|25
ɫ|25
|25
k|25
Y|25
|25
|25
\|25
|25
ɽ|26
ɾ|26
|26
|26
|26
|26
ɺ|26
ɼ|26
|26
|26
դ|26
|26
|26
|26
ɿ|26
|26
|26
|26
|26
|26
|26
|26
|26
ɻ|26
|26
|26
ڨ|26
|26
|26
W|26
h|26
|26
|26
|26
|26
|26
|26
|26
۷|26
|26
|26
|26
|26
d|26
|26
u|26
g|26
|26
|26
|26
|26
|26
|26
|26
|26
|26
|26
|26
|26
٠|26
v|26
k|26
Z|26
_|26
]|26
I|26
i|26
Ә|26
X|26
|26
^|26
Z|26
`|26
b|26
u|26
~|26
|26
|26
@|26
G|26
|27
|27
|27
|27
|27
|27
|27
|27
|27
|27
|27
|27
|27
p|27
|27
|27
|27
|27
|27
j|27
^|27
x|27
օ|27
L|27
l|27
D|27
K|27
v|27
|28
|28
|28
|28
|28
|28
|28
|28
|28
|28
|28
ۿ|28
|28
|28
|28
|28
|28
B|28
|28
|28
p|28
|28
|28
|28
|28
|28
|28
x|28
i|28
ʖ|28
Ќ|28
}|28
|29
|29
|29
|29
|29
|29
|29
|29
|29
|29
|29
|29
|29
|29
|29
|29
|29
z|29
O|29
|29
A|29
|29
|29
|29
|29
|29
χ|29
h|29
h|29
d|29
|29
s|29
|29
J|29
|29
f|29
|29
b|29
M|29
˭|30
|31
|31
|31
|31
|31
|31
|31
|31
|31
ʲ|31
|31
|31
|31
|31
|31
|31
||31
|31
|31
|31
|31
ݷ|31
|31
|31
|31
Ք|31
|31
|31
|31
ڷ|31
|31
|31
I|31
|31
Ì|31
|31
Y|31
|31
|31
Q|31
|31
|31
|31
`|31
|31
|31
|31
|31
V|31
D|31
|31
L|31
|31
B|31
|31
Y|31
|31
c|31
|31
|31
b|31
Ԗ|31
Ȑ|31
|31
}|31
s|31
|31
K|31
m|31
ߕ|31
\|31
|31
v|31
|31
|31
Y|31
v|31
r|31
|32
ʡ|32
|32
|32
ʤ|32
ʢ|32
ʥ|32
ʣ|32
|32
|32
|32
}|32
|32
|32
N|32
|32
|32
|32
|32
|32
|32
|32
|32
|32
|32
K|32
|32
ً|32
|32
|32
H|32
|32
\|32
K|32
|32
|32
W|32
|32
T|32
|32
|32
||32
|34
ʱ|34
|34
ʹ|34
|34
ʽ|34
|34
ʯ|34
ʮ|34
|34
ʦ|34
ʫ|34
ʳ|34
ʷ|34
|34
ʵ|34
ʩ|34
|34
|34
ʿ|34
ʪ|34
ʧ|34
ʶ|34
|34
ʼ|34
ʺ|34
|34
|34
ʬ|34
|34
ʰ|34
ʾ|34
r|34
|34
|34
|34
ʨ|34
|34
|34
|34
ʻ|34
ʴ|34
ʸ|34
ʲ|34
|34
ʭ|34
|34
|34
|34
|34
|34
߱|34
F|34
|34
|34
Ԋ|34
|34
|34
|34
|34
|34
|34
|34
ԇ|34
|34
ҕ|34
m|34
ݪ|34
R|34
|34
|34
|34
|34
|34
ֳ|34
Ѡ|34
|34
g|34
|34
|34
|34
]|34
|34
y|34
՜|34
|34
s|34
|34
|34
P|34
g|34
|34
|34
|34
|34
{|34
|34
՞|34
|34
|34
u|34
|34
F|34
|34
r|34
~|34
P|34
|34
|34
|34
^|34
t|34
t|34
v|34
|34
|34
E|34
|34
|34
Ȟ|34
|34
l|34
|34
J|34
|34
n|34
ߟ|34
|34
B|34
}|34
|34
Z|34
||34
I|34
|34
Y|34
O|34
V|34
b|34
||34
S|34
P|34
J|34
|34
|34
|46
|46
|46
|46
|46
|46
|46
|46
|46
|46
|46
|46
|46
|46
|46
l|46
|46
|46
F|46
R|46
|46
|47
|47
|47
|47
|47
|47
|47
|47
|47
|47
|47
|47
|47
|47
|47
|47
|47
|47
|47
|47
|47
|47
ˡ|47
|47
|47
|47
|47
|47
|47
|47
|47
|47
|47
|47
|47
|47
|47
|47
|47
|47
|47
ح|47
ٿ|47
|47
|47
|47
|47
ݔ|47
|47
|47
g|47
|47
|47
|47
|47
Q|47
|47
|47
|47
|47
|47
|47
X|47
H|47
^|47
E|47
_|47
|47
|47
]|47
P|47
x|47
q|47
g|47
w|47
e|47
ܓ|47
T|47
d|47
̠|47
\|47
l|47
V|47
X|47
S|47
Y|47
_|47
e|47
|47
ˢ|48
ˣ|48
|48
˧|49
˦|49
ˤ|49
˥|49
|49
|49
|49
˨|50
˩|50
|50
|50
V|50
ˬ|51
˫|51
˪|51
p|51
|51
|51
|51
u|51
|51
|51
L|51
w|51
d|51
S|51
C|51
|51
Y|51
{|51
˭|53
ˮ|53
˯|53
˰|53
˵|53
l|53
|53
|53
|53
|53
ß|53
j|53
c|53
˳|54
˴|54
˲|54
˱|54
|54
|54
J|54
ʊ|54
|54
ݐ|54
i|54
B|54
˵|55
f|55
˶|55
˷|55
˸|55
|55
|55
|55
|55
|55
|55
T|55
q|55
l|55
