|24
|24
|24
|24
|24
|24
|24
|24
|24
|24
|24
m|24
j|24
D|24
|24
|24
|24
z|24
i|24
c|24
|24
e|24
|24
|25
|25
|25
|25
J|25
x|25
|26
|26
|26
|26
|26
|26
|26
|26
|26
|26
|26
|26
|26
|26
|26
|26
|26
|26
|26
|26
|26
f|26
|26
d|26
|26
|26
|26
|26
|26
|26
ݸ|26
|26
|26
|26
|26
|26
|26
|26
|26
|26
|26
ܹ|26
v|26
B|26
{|26
|26
|26
D|26
T|26
|26
\|26
|26
U|26
w|26
H|26
|26
n|26
O|26
|26
v|26
[|26
|26
|26
e|26
|26
|27
|27
|27
|27
|27
|27
|27
|27
|27
|27
|27
W|27
|27
|27
w|27
|27
|27
|27
R|27
|27
|27
ނ|27
Z|27
[|27
D|27
y|27
_|27
Ϊ|30
δ|30
λ|30
ι|30
ζ|30
΢|30
ΰ|30
ά|30
|30
κ|30
θ|30
|30
ί|30
Ψ|30
Χ|30
Τ|30
ޱ|30
α|30
β|30
ν|30
Ω|30
|30
Σ|30
|30
|30
ε|30
γ|30
ο|30
η|30
έ|30
Υ|30
Ρ|30
ξ|30
μ|30
ή|30
|30
|30
|30
|30
|30
|30
|30
|30
|30
Φ|30
|30
Ϋ|30
|30
|30
^|30
|30
|30
|30
|30
|30
|30
|30
|30
S|30
|30
l|30
|30
|30
|30
|30
|30
|30
|30
|30
|30
|30
|30
f|30
|30
|30
|30
|30
|30
|30
||30
||30
|30
|30
`|30
j|30
ǋ|30
||30
^|30
|30
|30
@|30
Ȕ|30
|30
|30
J|30
|30
|30
d|30
Q|30
|30
|30
_|30
|30
ɖ|30
|30
z|30
G|30
o|30
S|30
Ն|30
o|30
H|30
~|30
v|30
K|30
L|30
l|30
|30
n|30
]|30
_|30
S|30
˗|30
y|30
J|30
|30
Y|30
o|30
|30
|30
ԕ|30
|30
A|30
~|30
c|30
V|30
e|30
w|30
O|30
k|30
j|30
|30
W|30
A|30
E|30
Z|30
|30
h|30
|30
I|30
w|30
|30
]|30
W|30
t|30
h|30
S|30
|30
|30
G|30
|30
|30
|30
^|30
Ȗ|30
|31
|31
|31
|31
|31
|31
|31
|31
|31
|31
|31
|31
|31
|31
|31
|31
|31
[|31
|31
|31
|31
|31
|31
|31
y|31
|31
|31
Á|31
|31
|31
p|31
|31
|31
g|31
|31
|31
|31
b|31
|31
|31
e|31
|31
|31
n|31
^|31
z|31
S|31
w|31
|31
v|31
Y|31
|31
|32
|32
|32
|32
|32
Y|32
޳|32
|32
T|32
Ί|32
N|32
|32
|32
O|32
\|32
R|32
|44
|44
|44
|44
|44
|44
|44
|44
|44
|44
|44
|44
|44
|44
|44
P|44
|44
|44
|44
C|44
|44
ݫ|44
|44
|44
x|44
u|44
o|44
N|44
l|44
O|44
b|44
}|44
΁|44
n|44
i|44
s|44
|44
|44
|44
|44
Y|44
|44
|44
h|44
|47
|47
|47
|47
|47
|47
|47
|47
|47
|47
|47
|47
|47
|47
|47
|47
|47
|47
|47
|47
|47
|47
|47
|47
o|47
|47
أ|47
|47
|47
|47
|47
|47
|47
|47
|47
|47
|47
|47
|47
|47
|47
|47
|47
|47
|47
|47
|47
|47
|47
|47
`|47
|47
|47
|47
|47
|47
|47
F|47
|47
|47
|47
|47
|47
|47
|47
ʏ|47
|47
@|47
_|47
|47
O|47
|47
|47
|47
^|47
|47
|47
W|47
|47
}|47
|47
|47
||47
R|47
|47
w|47
]|47
J|47
T|47
|47
|47
|47
|47
\|47
N|47
Ċ|47
`|47
N|47
W|47
b|47
F|47
|47
I|47
u|47
|47
g|47
~|47
y|47
ڏ|47
|47
|47
|47
|47
W|47
^|47
A|47
ƕ|47
Ώ|47
q|47
@|47
M|47
F|47
J|47
n|47
E|47
|47
I|47
