|24
|24
|24
|24
g|24
|25
|25
|25
|25
|25
|25
|25
|25
|25
|25
|25
ؔ|25
|25
|25
|25
|25
Z|25
|25
u|25
|25
P|25
n|25
|26
|26
|26
|26
|26
|26
|26
|26
|26
|26
K|26
|26
|26
|26
|26
N|26
|26
Q|26
M|26
{|26
|26
L|26
|26
o|26
|26
|27
|27
|27
|27
|27
}|27
n|27
|27
|27
œ|27
|27
|27
|27
|27
|27
|27
|28
|28
|28
|28
H|28
ܳ|28
|28
|28
|28
|28
|28
H|28
|28
x|28
_|28
|28
|29
|29
|29
|29
|29
|29
|29
|29
y|29
|29
|29
|29
m|29
Ƀ|29
|31
|31
|31
q|31
|31
|32
|32
|32
|32
|32
|32
|32
|34
|34
|34
|34
|34
|34
|34
|34
|34
|34
|34
|34
|34
|34
|34
~|34
|34
|34
|34
n|34
|34
o|34
|34
|34
|34
|34
|34
|34
a|34
|34
c|34
ڝ|34
y|34
|34
Ǆ|34
B|34
e|34
|34
r|34
\|34
@|34
Ƙ|34
|45
|45
|45
|45
|45
|45
|45
|45
|45
|45
|45
|45
|45
|45
|45
|45
|45
[|45
|45
|45
|45
|45
S|45
|45
z|45
|45
F|45
Q|45
ց|45
|45
|45
W|45
q|45
Z|45
|45
B|45
j|45
|45
|46
|46
|46
|46
u|46
|46
ݏ|46
|47
|47
|47
|47
|47
|47
|47
|47
|47
|47
|47
|47
|47
|47
|47
|47
|47
c|47
q|47
U|47
y|47
|50
|50
|50
|50
|50
|50
ߥ|50
Z|50
|50
|50
m|50
e|50
x|50
f|50
x|50
|53
|53
|53
|53
|53
|53
|53
|53
|53
|53
|53
|53
|53
˥|53
|53
y|53
|53
ċ|53
|53
n|53
ă|53
|53
|53
|53
J|53
W|53
N|53
|54
|54
|54
|54
|54
|54
ߗ|54
|54
v|54
Y|54
|55
|55
|55
|55
|55
|55
e|55
|55
|55
|55
|55
|55
|55
|55
|55
|55
v|55
|55
|55
|55
z|55
|55
i|55
z|55
s|55
S|55
c|55
x|55
u|55
|55
q|55
