|24
|24
|24
|24
|24
|24
|24
|24
|24
|24
|24
|24
|24
|24
|24
|24
|24
|24
ɲ|24
|24
|24
|24
|24
|24
|24
|24
|24
|24
|24
|24
|24
a|24
x|24
g|24
|24
ۂ|24
ő|24
p|24
|25
|25
|25
|25
|25
|25
٭|25
|25
|25
O|25
|25
|25
ϊ|25
}|25
Ѓ|25
|25
|26
|26
|26
|26
|26
|26
|26
|26
|26
|26
|26
|26
|26
|26
|26
|26
|26
|26
|26
|26
|26
U|26
|26
|26
|26
a|26
|26
|26
|26
|26
p|26
e|26
a|26
|26
s|26
b|26
f|26
{|26
|26
|26
|26
|26
|26
׋|26
|26
|26
P|26
|26
U|26
~|26
|26
P|26
|26
|26
|26
b|26
|26
|26
|26
C|26
r|26
|26
{|26
A|26
s|26
|26
I|26
o|26
|26
|26
|26
|26
|26
v|26
B|26
i|26
|27
|27
|27
|27
|27
|27
|27
|27
|27
|27
|27
|27
|27
L|27
|27
|27
|27
|27
|27
L|27
|27
|27
|27
S|27
|27
|27
|27
|27
|27
|27
|27
|27
c|27
|27
|27
|27
O|27
|27
|27
Y|27
|27
o|27
^|27
_|27
^|27
q|27
|27
m|27
C|27
d|27
K|27
|27
l|27
|27
|28
|28
|28
|28
|28
|28
|28
|28
|28
|28
|28
|28
|28
|28
|28
n|28
|28
|28
z|28
R|28
||28
}|28
V|28
l|28
C|28
J|28
|29
|29
|29
|29
|29
܇|29
|29
|29
|29
|29
|29
|29
ފ|29
|29
|29
|29
E|29
p|29
|31
|31
|31
|31
|31
|31
|31
|31
|31
|31
|31
|31
|31
|31
|31
|31
|31
|31
_|31
|31
m|31
|31
|31
|31
|31
r|31
׏|31
|31
M|31
|31
c|31
{|31
Հ|31
Ɛ|31
|31
R|31
k|31
|31
~|31
}|31
ٕ|31
I|31
|31
m|31
o|31
|31
Z|31
|31
Z|31
|32
|32
|32
|32
|32
|32
|32
|32
|32
|32
|32
|32
ة|32
ʢ|32
|32
|32
|32
Q|32
|32
|32
|32
|32
|32
\|32
|32
|32
|32
Ô|32
|32
b|32
|32
|32
k|32
|32
|32
|32
J|32
A|32
|32
|32
|32
|32
^|32
|32
|32
|32
w|32
G|32
|32
|32
f|32
f|32
||32
|32
X|32
|32
r|32
|32
V|32
|32
p|32
|34
|34
|34
|34
|34
|34
|34
|34
|34
|34
|34
|34
|34
|34
|34
|34
|34
߳|34
|34
|34
|34
|34
|34
|34
ܯ|34
|34
|34
|34
|34
|34
|34
|34
|34
t|34
|34
|34
|34
[|34
|34
|34
n|34
|34
u|34
X|34
Y|34
|34
|34
|34
V|34
|34
|34
|34
|34
|34
|34
|34
|34
M|34
w|34
K|34
x|34
~|34
F|34
v|34
W|34
||34
o|34
N|34
l|34
k|34
s|34
E|34
r|34
A|34
B|34
u|34
n|34
S|34
I|34
|34
P|34
c|34
J|34
|45
|45
|45
|45
|45
|45
|45
|45
|45
n|45
_|45
|45
|45
x|45
ی|45
|45
|45
|45
|45
||45
|45
Z|45
|45
|45
o|45
|46
|46
|46
|46
|46
|46
|46
|46
|46
|46
|46
ٱ|46
|46
h|46
|46
|46
|46
I|46
|46
|46
ׇ|46
N|46
|46
I|46
|46
Ǔ|46
[|46
|46
|46
׉|46
|46
|46
l|46
P|46
b|46
|46
|46
|47
|47
|47
|47
|47
|47
|47
|47
|47
|47
|47
|47
|47
|47
ء|47
I|47
̎|47
|47
|47
ۻ|47
|47
|47
|47
|47
|47
|47
|47
|47
m|47
|47
|47
|47
|47
|47
I|47
i|47
|47
|47
||47
c|47
N|47
،|47
r|47
|47
|47
|47
b|47
Z|47
X|47
z|47
|47
R|47
a|47
A|47
X|47
n|47
|47
|47
e|47
s|47
|47
G|47
X|47
ĕ|47
s|47
`|47
H|48
|49
|49
|49
|49
|49
|49
I|49
u|49
|50
|50
|50
|50
|50
|50
|50
|50
|50
|50
|50
|50
F|50
|50
|50
w|50
|50
A|50
|50
N|50
i|50
[|50
ݎ|50
|50
|51
|51
|51
|51
|51
|51
|51
|51
J|51
|51
|51
|51
|51
|51
y|51
k|51
|51
}|51
|53
|53
|53
|53
|53
|53
|53
|53
|53
|53
׵|53
N|53
m|53
ǔ|53
|54
|54
|54
|54
|54
|54
|54
|54
ݻ|54
|54
|54
Ë|54
|54
ك|54
|54
|54
ɔ|54
|54
|54
_|54
~|54
|54
o|54
t|54
j|54
|54
a|54
|54
|54
|55
|55
|55
|55
|55
|55
|55
b|55
f|55
|55
z|55
|55
O|55
p|55
|55
|55
