|24
|24
|24
|24
|24
|24
|24
|24
|24
_|24
|24
|24
|24
|24
|24
}|24
|24
|24
|24
|24
|24
J|24
N|24
R|24
[|24
e|24
J|24
A|24
^|24
p|24
|24
|25
|25
|25
|25
|25
|25
|25
|25
|25
|25
|25
߰|25
|25
|25
|25
|25
|25
ܤ|25
|25
|25
|25
߾|25
|25
|25
J|25
|25
܍|25
y|25
|25
H|25
y|25
^|25
ŕ|25
D|25
|26
|26
|26
|26
|26
|26
|26
|26
|26
|26
|26
|26
|26
|26
|26
|26
|26
|26
|26
|26
|26
|26
|26
|26
đ|26
|26
|26
n|26
|26
|26
|26
ʯ|26
|26
|26
|26
|26
Q|26
|26
|26
|26
|26
|26
э|26
|26
|26
|26
|26
|26
R|26
G|26
͞|26
m|26
֝|26
g|26
S|26
V|26
|26
|26
N|26
|26
X|26
|26
Q|26
ٜ|26
|26
|26
[|26
|26
X|26
}|26
^|26
K|26
y|26
|27
|27
|27
|27
|27
|27
|27
|27
|27
n|27
|27
h|27
|27
|27
|27
|27
}|27
ʎ|27
|27
c|27
|27
ו|27
U|27
K|27
d|27
T|27
D|27
}|27
|27
X|27
ř|27
G|27
|28
|28
|28
|28
|28
|28
|28
|28
|28
|28
|28
|28
߶|28
|28
|28
|28
u|28
|28
|28
|28
|28
K|28
|28
|28
I|28
||28
R|28
|28
|28
|28
|28
|28
\|28
n|28
v|28
R|28
|28
|28
s|28
|28
F|28
|28
W|28
|28
|28
I|28
|28
Z|28
|29
|29
|29
|29
|29
|29
|29
|29
|29
|30
Y|31
O|31
|32
|32
|32
|32
|32
|32
|32
|32
|32
|32
|32
|32
|32
|32
|32
|32
|32
O|32
|32
|32
O|32
|34
|34
|34
|34
|34
|34
|34
|34
|34
|34
|34
|34
|34
|34
|34
|34
|34
|34
|34
|34
ݶ|34
|34
ۡ|34
A|34
|34
|34
|34
|34
ص|34
ǅ|34
|34
|34
|34
|34
ڮ|34
|34
|34
|34
|34
d|34
|34
|34
L|34
Д|34
|34
|34
B|34
C|34
|34
f|34
|34
}|34
|34
E|34
|34
Z|34
h|34
|34
|34
m|34
E|34
y|34
e|34
|34
ǜ|34
|34
O|34
s|34
|34
f|34
|34
K|34
H|34
C|34
V|34
ˋ|34
ޞ|34
M|34
b|34
|34
|34
B|34
{|34
b|34
ۗ|34
~|34
S|34
\|34
|35
|36
|36
|36
|36
|36
|36
|36
|36
|36
|36
|36
c|36
|36
ؼ|36
|36
|36
|36
|36
|36
|36
|36
|36
|36
|36
|36
|36
|36
|36
|36
|36
|36
|36
|36
||36
d|36
|36
|36
p|36
_|36
|36
o|36
L|36
ۆ|36
|36
|36
|36
s|36
|36
|36
|36
|38
|38
|38
|38
|38
|38
|38
|38
|38
|38
t|38
|38
|38
|38
|38
|38
|38
|38
|38
q|38
|38
|38
h|38
|38
ɉ|38
m|38
@|38
|38
|38
y|38
P|38
L|38
|39
|39
|39
|39
|39
|39
|39
|39
с|39
|39
|39
ܦ|39
|39
|39
B|39
|39
ՙ|39
|39
|39
i|39
e|39
A|39
U|39
x|39
Ŏ|39
]|39
|39
H|39
A|39
|39
y|39
P|39
||39
L|39
|41
|41
|41
|41
|41
|41
|41
|41
|41
|41
|41
|41
|41
|41
|41
|41
|41
|41
ӆ|41
|41
|41
b|41
|41
V|41
|41
|41
r|41
|41
B|41
|41
}|41
w|41
Y|41
O|41
k|41
|43
G|43
|43
M|43
A|43
|45
|45
|45
|45
|45
|45
|45
|45
|45
|45
||45
|45
|45
|45
|45
|45
|45
|45
|45
|45
|45
|45
|45
|45
|45
|45
|45
X|45
P|45
Չ|45
|45
{|45
|45
|45
ޓ|45
ʐ|45
[|45
_|45
Ǉ|45
|45
|45
|45
|45
|45
H|45
|46
|46
|46
|46
|46
|46
|46
|46
|46
|46
Ö|46
Y|46
|46
|46
|46
L|46
|46
]|46
^|46
W|46
^|46
|46
K|46
t|46
H|46
|46
L|46
u|46
f|46
|47
|47
|47
|47
|47
|47
|47
|47
|47
|47
|47
|47
|47
|47
|47
|47
|47
|47
x|47
|47
|47
|47
|47
|47
ـ|47
|47
V|47
|47
ܶ|47
|47
|47
i|47
|47
|47
|47
^|47
G|47
|47
|47
|47
}|47
|47
ט|47
Ԍ|47
C|47
G|47
|47
|47
~|47
t|47
t|47
`|47
b|47
L|47
|50
|50
|50
|50
|50
|50
|50
|50
|50
|50
|50
|50
|50
Ș|50
|50
a|50
f|50
e|50
Y|50
V|50
|53
|53
|53
|53
|53
|53
|53
|53
|53
|53
|53
|53
|53
|53
|53
A|53
c|53
B|53
}|53
|53
y|53
q|53
X|53
|54
|54
|54
|54
|54
|54
|54
|54
|54
|54
|54
|54
|54
|54
D|54
|54
|54
|54
|54
|54
|54
|54
J|54
|54
g|54
q|54
O|54
|54
|54
|54
|54
|55
|55
|55
|55
|55
|55
|55
|55
|55
|55
|55
|55
|55
|55
|55
|55
|55
|55
|55
|55
Z|55
|55
\|55
|55
o|55
|55
|55
|55
|55
F|55
I|55
T|55
m|55
|55
w|55
|55
|55
|55
a|55
b|55
r|55
|55
|55
|55
E|55
|55
y|55
D|55
z|55
