|24
|24
|24
|24
|24
|24
l|24
|24
|24
|24
|24
k|24
P|24
|24
|24
y|24
m|24
o|24
e|24
X|24
U|24
V|24
t|24
|26
|26
|26
|26
|26
|26
|26
|26
|26
|26
|26
|26
|26
|26
|26
|26
|26
ެ|26
|26
|26
|26
|26
|26
|26
|26
|26
[|26
|26
|26
|26
|26
x|26
؜|26
|26
|26
|26
|26
|26
|26
|26
X|26
|26
o|26
D|26
N|26
܏|26
i|26
\|26
ć|26
C|26
i|26
x|26
x|26
B|26
~|26
G|26
ϛ|26
B|26
|26
|26
x|26
|26
c|26
|26
J|26
Y|26
|26
|27
|27
|27
|27
|27
|27
|27
|27
|27
|27
|27
|27
P|27
|27
|27
|27
|27
L|27
|27
|27
|27
[|27
\|27
|27
|27
E|27
p|27
|27
J|27
|30
|30
|30
|30
|30
|30
|30
|30
|30
|30
|30
|30
|30
|30
|30
|30
|30
w|30
|30
|30
|30
M|30
|30
n|30
|30
|30
|30
|30
|30
|30
U|30
|30
|30
|30
p|30
|30
I|30
|30
C|30
||30
|30
|30
u|30
|30
|30
|30
W|30
|30
N|30
q|30
a|30
n|30
O|30
U|30
|30
E|30
[|30
O|30
h|30
|30
^|30
X|30
|31
|31
|31
|31
|31
|31
|31
|31
|31
|31
|31
|31
|31
|31
|31
|31
|31
|31
|31
|31
|31
|31
`|31
|31
|31
|31
S|31
S|31
|31
k|31
^|31
|31
f|31
ʈ|31
}|31
|31
p|31
e|31
|31
v|31
M|31
|31
r|31
k|31
|31
ď|31
|31
r|31
J|31
X|31
i|31
|31
|31
R|31
|31
j|31
M|31
l|31
|32
|32
|32
|32
|32
|32
|32
|32
|32
|32
|32
|32
|32
|32
|32
|32
L|32
ٺ|32
|32
P|32
|32
|32
و|32
ۺ|32
|32
S|32
h|32
T|32
|32
|32
o|32
p|32
S|32
|32
|32
l|32
t|32
|32
҃|32
|32
~|32
Q|32
K|32
h|32
N|32
|32
u|32
g|32
ł|32
p|32
҅|38
|44
|44
u|44
|46
|46
|46
|46
]|46
|47
|47
|47
|47
|47
|47
|47
|47
|47
|47
|47
|47
|47
|47
|47
|47
|47
|47
|47
|47
|47
|47
|47
|47
|47
|47
|47
|47
|47
|47
ܽ|47
|47
|47
|47
|47
|47
|47
|47
|47
|47
|47
|47
|47
|47
|47
|47
|47
|47
|47
|47
|47
|47
߻|47
\|47
|47
ч|47
|47
|47
|47
]|47
|47
|47
|47
|47
|47
o|47
|47
|47
x|47
|47
|47
|47
ؓ|47
|47
ƅ|47
|47
|47
|47
f|47
|47
|47
|47
|47
|47
D|47
|47
D|47
|47
|47
~|47
w|47
|47
}|47
ۮ|47
`|47
|47
|47
|47
|47
|47
|47
y|47
|47
|47
|47
|47
|47
|47
|47
a|47
|47
|47
Г|47
|47
ݗ|47
|47
|47
|47
|47
|47
l|47
ݳ|47
|47
|47
u|47
|47
_|47
|47
|47
C|47
̒|47
_|47
Q|47
}|47
|47
Ӈ|47
M|47
k|47
ݕ|47
|47
@|47
|47
V|47
i|47
|47
D|47
ȃ|47
A|47
N|47
Q|47
J|47
E|47
|47
َ|47
b|47
ʍ|47
|47
v|47
J|47
}|47
|47
͗|47
M|47
~|47
X|47
s|47
h|47
|47
I|47
|47
ߑ|47
ŀ|47
||47
|47
t|47
|47
J|47
q|47
