|24
|24
|24
٤|24
|24
|24
|24
|24
|24
|24
|24
|25
|25
|25
|25
|25
ؤ|25
_|25
ԓ|25
w|25
|25
|25
|25
|25
|25
}|25
|25
D|25
ȑ|25
|25
y|25
|25
W|25
d|25
[|25
Y|25
^|25
|26
|26
|26
|26
|26
|26
|26
|26
|26
|26
Ǭ|26
|26
|26
|26
|26
ߦ|26
|26
|26
|26
|26
|26
s|26
|26
|26
|26
|26
|26
l|26
U|26
|26
\|26
|26
C|26
|26
M|26
|26
C|26
|26
m|26
_|26
q|26
|26
Y|26
|26
l|26
|27
|27
|27
|27
|27
|27
|27
|27
|27
|27
|27
|27
|27
|27
|27
|27
V|27
|27
G|27
|27
|27
|27
|27
|27
I|27
|28
|28
|28
|28
|28
|28
|28
|28
|28
۬|28
|28
|28
ھ|28
|28
غ|28
|28
|28
޻|28
G|28
{|28
|28
|28
a|28
w|28
|28
c|28
|28
z|28
|28
|28
|28
|28
l|28
k|28
|29
|29
|29
|29
|29
|29
|29
|29
|29
|29
|29
|29
|29
|29
|29
|29
|29
|29
|29
|29
|29
|29
|29
|29
|29
w|29
ت|29
|29
|29
|29
|29
w|29
|29
g|29
|29
|29
R|29
|29
|29
|29
x|29
|29
|29
|29
t|29
|29
P|29
|29
ܪ|29
|29
k|29
k|29
|29
k|29
|29
|29
q|29
s|29
R|29
m|29
Z|29
|30
o|30
|31
|31
|31
|31
ب|31
ݢ|31
^|31
|32
|32
|32
|32
|32
|32
|32
|32
|32
|32
|32
|32
|32
|32
u|32
|32
|32
|32
s|32
|32
|32
Q|32
y|32
i|32
@|32
|32
|45
|45
|45
|45
|45
|45
|45
|45
|45
|45
|45
|45
|45
|45
|45
m|45
|45
|45
|45
|45
ؕ|45
|45
|45
b|45
|45
|45
|45
|45
\|45
@|45
|45
|46
|46
|46
|46
|46
|46
|46
|46
|46
|46
|46
ڸ|46
|46
|46
|46
|46
|46
|46
|46
|46
|46
^|46
|46
|46
|46
|46
ُ|46
a|46
Н|46
h|46
|46
|46
|46
k|46
T|46
g|46
M|46
x|46
V|46
v|46
|46
|47
|47
|47
|47
|47
|47
|47
|47
|47
|47
|47
|47
|47
|47
|47
|47
|47
|47
|47
|47
|47
|47
|47
|47
|47
|47
|47
|47
B|47
|47
ڬ|47
|47
|47
|47
|47
|47
b|47
Y|47
|47
|47
|47
|47
|47
|47
|47
M|47
|47
|47
|47
|47
|47
l|47
|47
l|47
b|47
W|47
|47
|47
|47
|47
ݞ|47
}|47
|47
|47
g|47
|47
L|47
|47
|47
u|47
|47
d|47
k|47
v|47
|47
Y|47
g|47
[|47
J|47
E|47
O|47
|48
|48
|48
|48
|48
|48
|48
|48
|48
|48
|48
ڴ|48
|48
G|48
|48
Ƃ|48
|48
|48
m|48
|48
ԟ|48
N|48
|48
W|48
|49
|49
|49
|49
s|49
|49
|49
|49
L|49
|50
|50
|50
|50
|50
|50
|50
|50
|50
|50
|50
ݸ|50
|50
P|50
|50
^|50
|50
^|50
|50
g|50
|50
|50
|50
|50
|50
|50
Q|50
|50
T|50
؞|50
|50
|50
r|50
|50
]|50
|50
o|50
`|50
F|50
|50
|50
|50
X|50
|50
}|50
b|50
p|50
|51
|51
|51
|51
V|51
|51
|51
|51
|51
|51
|51
|51
U|51
|51
|51
|51
ƚ|51
|51
|51
D|51
|53
|53
|53
|53
|53
|53
|53
|53
|53
|53
|53
|53
|53
|53
|53
|53
|53
F|53
|53
|53
|53
w|53
|53
|53
|53
|53
|53
|53
|53
Ҏ|53
|53
|53
|53
|53
|53
|53
|53
|53
|53
w|53
|53
|53
ߞ|53
n|53
܉|53
Ԏ|53
O|53
|53
|53
|53
|53
||53
Q|53
|53
|53
|53
|53
|53
j|53
m|53
|53
W|53
W|53
͊|53
K|53
|53
Ɨ|53
g|53
|54
|54
|54
|54
|54
ح|54
L|54
|54
|54
|54
|54
݁|54
Ж|54
|54
e|54
F|54
|55
|55
|55
|55
|55
|55
^|55
|55
|55
|55
|55
|55
|55
|55
|55
|55
@|55
|55
|55
|55
|55
|55
|55
Ǒ|55
|55
|55
|55
|55
|55
J|55
|55
|55
|55
|55
|55
|55
H|55
x|55
I|55
b|55
X|55
l|55
