|11
|24
|24
Ϻ|24
|24
|25
|25
|25
|25
|25
|25
߀|25
|25
|25
|25
|25
|25
|25
|25
|25
|25
|25
Q|25
w|25
h|25
|25
|25
|26
|26
|26
|26
|26
|26
|26
|26
|26
|26
|26
|26
|26
|26
|26
|26
|26
|26
|26
|26
|26
H|26
|26
h|26
|26
n|26
|26
|26
|26
|26
|26
I|26
|26
|26
o|26
|26
|26
Α|26
|26
i|26
J|26
\|26
|26
F|26
H|26
T|26
G|26
c|26
E|26
d|26
A|26
h|26
I|26
w|26
|26
A|26
K|26
|26
u|26
[|26
|26
]|26
_|26
c|26
L|26
n|26
t|26
|27
|27
|27
|27
|27
|27
|27
|27
|27
|27
|27
ކ|27
f|27
ؘ|27
|27
|27
a|27
W|27
@|27
|28
|28
|28
|28
|28
|28
|28
|28
|28
|28
|28
|28
|28
|28
̖|28
|28
|28
|28
|28
޶|28
|28
|28
|28
|28
B|28
|28
|28
|28
|28
|28
ϖ|28
|28
|28
S|28
z|28
q|28
D|28
A|28
a|28
h|28
|28
|29
|29
|29
|29
|29
|29
|29
|29
|29
|29
|29
|29
|29
|29
ڭ|29
|29
|29
|29
|29
e|29
|29
|29
|29
|29
|29
|29
|29
|29
X|29
|29
R|29
|29
Q|29
H|29
|29
A|29
|29
|29
|29
|29
|29
|29
|29
|29
H|29
G|29
F|29
B|29
|29
|29
|29
|29
҇|29
z|29
|29
y|29
v|29
|29
u|29
|29
e|29
[|29
P|29
K|29
t|29
g|29
L|29
Y|29
g|29
|29
|30
|30
|30
\|30
|30
|31
|31
|31
|31
|31
|31
|32
|32
|32
|32
|32
|32
|32
޿|32
|32
|32
M|32
|32
a|32
Æ|32
|32
|32
U|32
t|32
C|32
|45
|45
|45
|45
|45
|45
|45
|45
|45
|45
t|45
ް|45
|45
|45
|45
ݦ|45
y|45
|45
f|45
|45
|45
|45
|45
Z|45
|45
ޮ|45
|45
|45
f|45
|45
ȇ|45
ڧ|45
p|45
|45
|45
|45
|45
K|45
||45
ӏ|45
Y|45
|45
A|45
D|45
|45
|45
s|45
v|45
|45
ܟ|45
b|45
k|45
|45
|45
|45
ݓ|45
Z|45
o|45
f|45
C|45
p|45
|45
|46
|46
|46
|46
|46
|46
|46
|46
|46
|46
|46
|46
ܩ|46
|46
|46
J|46
|46
|46
ԍ|46
ȉ|46
D|46
C|46
|46
A|46
F|46
ƙ|46
\|46
j|46
c|46
f|46
|47
|47
|47
|47
|47
|47
|47
|47
|47
|47
|47
|47
|47
|47
|47
|47
u|47
|47
|47
|47
|47
|47
|47
|47
|47
|47
Ϸ|47
|47
|47
|47
|47
|47
|47
|47
|47
|47
|47
o|47
|47
|47
|47
|47
|47
|47
|47
[|47
|47
|47
|47
|47
s|47
|47
|47
|47
|47
|47
e|47
|47
|47
|47
|47
|47
|47
|47
̏|47
|47
]|47
|47
G|47
X|47
{|47
|47
S|47
}|47
Z|47
|47
~|47
E|47
|47
|47
_|47
|47
W|47
|47
I|47
U|47
|47
||47
X|47
Ι|47
U|47
O|47
W|47
|47
X|47
b|47
|47
_|47
P|47
d|47
C|47
|47
|47
|47
k|47
|48
|48
|48
|48
|48
|48
|48
|48
|48
|48
Ԓ|48
|48
A|48
|48
|48
|48
|48
|48
k|48
|48
|48
A|48
|48
|48
|48
W|48
Δ|48
|48
|48
|48
֜|48
|48
|48
E|48
|48
|48
Ֆ|48
|48
|48
|48
|48
f|48
f|48
|49
|49
|49
|49
|49
|49
|49
|49
|49
|49
|49
ё|49
||49
|49
ќ|49
x|49
|50
|50
|50
|50
|50
|50
|50
|50
|50
|50
|50
|50
|50
Q|50
|50
ۼ|50
|50
|50
|50
|50
|50
|50
g|50
ۨ|50
h|50
|50
ߧ|50
|50
|50
O|50
|50
|50
|50
|50
|50
|50
|50
ג|50
S|50
Z|50
|50
|50
q|50
}|50
|50
|50
o|50
|50
J|50
|50
`|50
h|50
B|50
|50
D|50
b|50
|50
o|50
Q|50
~|50
X|50
k|50
v|50
K|50
|50
o|50
f|50
d|50
|51
|51
|51
|51
|51
|51
|51
|51
|51
|51
|51
|51
S|51
|51
|51
|51
|51
|51
|51
|51
|51
|51
|51
|51
|51
|51
U|51
|51
|51
|51
|51
|51
s|51
e|51
R|51
|51
|51
x|51
h|51
k|51
|51
|51
|51
Ŋ|51
W|51
n|51
Y|51
u|51
m|51
|51
|51
ڇ|51
R|51
c|51
w|51
ȏ|51
N|51
b|51
|51
|53
|53
|53
|53
|53
|53
|53
|53
|53
|53
|53
|53
|53
|53
ޥ|53
|53
|53
|53
|53
|53
|53
|53
|53
|53
|53
|53
|53
|53
|53
|53
|53
|53
|53
|53
x|53
|53
|53
{|53
|53
L|53
|53
}|53
|53
|53
ޒ|53
R|53
]|53
ڶ|53
h|53
|53
|53
M|53
|53
|53
x|53
|53
d|53
|53
o|53
|53
C|53
|53
|53
|53
|53
u|53
^|53
Z|53
Ԝ|53
V|53
G|53
{|53
E|53
S|53
|53
_|53
u|53
M|53
|53
Κ|53
B|53
H|53
|53
D|53
C|53
j|53
T|53
]|53
|53
w|53
Y|53
|53
}|53
`|53
U|53
s|53
|53
e|53
|53
m|53
~|53
|53
P|53
D|53
d|53
D|53
˙|53
b|53
|54
|54
|54
|54
|54
|54
|54
|54
|54
|54
|54
ڻ|54
|54
|54
|54
|54
|54
|54
՟|54
q|54
|54
|54
o|54
i|54
J|54
|54
Q|54
@|54
E|54
|55
|55
|55
|55
|55
|55
|55
|55
|55
|55
|55
|55
|55
|55
|55
@|55
|55
؛|55
|55
|55
޽|55
|55
m|55
|55
|55
|55
|55
t|55
|55
Z|55
߫|55
|55
|55
|55
C|55
|55
G|55
|55
|55
s|55
f|55
|55
|55
|55
d|55
|55
\|55
[|55
|55
n|55
o|55
m|55
