|34
|34
|34
|34
|34
|34
|34
|34
|34
|34
|34
|34
|34
|34
|34
|34
|34
|34
|34
|34
|34
|34
|34
|34
|34
|34
|34
|34
|34
|34
|34
|34
|34
|34
|34
|34
|34
ߴ|34
|34
|34
|34
|34
|34
|34
|34
|34
|34
|34
|34
|34
|34
|34
|34
|34
|34
|34
|34
|34
آ|34
|34
|34
|34
|34
ϵ|34
M|34
|34
|34
ӛ|34
C|34
|34
O|34
|34
|34
|34
|34
|34
ؽ|34
Ӌ|34
|34
|34
|34
|34
|34
|34
|34
|34
|34
|34
o|34
|34
|34
|34
|34
|34
|34
|34
|34
|34
u|34
^|34
٥|34
|34
|34
|34
|34
|34
|34
|34
|34
|34
D|34
ܸ|34
|34
|34
T|34
e|34
|34
|34
|34
݋|34
|34
|34
|34
|34
|34
|34
|34
|34
|34
|34
|34
Y|34
|34
|34
|34
|34
|34
ު|34
E|34
|34
|34
H|34
|34
ƈ|34
υ|34
|34
|34
|34
Ɩ|34
|34
|34
ڵ|34
I|34
|34
u|34
\|34
|34
|34
@|34
|34
j|34
H|34
|34
|34
|34
|34
|34
b|34
E|34
j|34
||34
P|34
|34
K|34
|34
Ղ|34
]|34
a|34
m|34
~|34
|34
]|34
I|34
W|34
V|34
Ց|34
a|34
^|34
|34
n|34
Q|34
۔|34
҉|34
Z|34
V|34
ۈ|34
J|34
f|34
J|34
|34
җ|34
V|34
U|34
s|34
l|34
e|34
u|34
|34
A|34
Y|34
z|34
N|34
C|34
T|34
_|34
q|34
I|34
|34
|34
W|34
b|34
|34
s|34
|34
g|34
|34
n|34
o|34
U|34
Z|34
|34
U|34
W|34
P|34
^|34
Q|34
|34
f|34
W|34
D|34
m|34
C|34
Ύ|34
|34
W|34
H|34
n|34
J|34
|34
|35
|35
|35
|35
|35
|35
|35
|35
|35
|35
|35
|35
|35
|35
|35
|35
|35
|35
|35
|35
|35
|35
٤|35
|35
|35
|35
|35
|35
|35
|35
|35
ۣ|35
A|35
r|35
|35
{|35
Z|35
|35
|35
|35
|35
\|35
|35
|35
|35
|35
|35
a|35
j|35
k|35
v|35
|35
v|35
_|35
O|35
]|35
؆|35
e|35
|35
T|35
P|35
|35
|35
z|35
o|35
k|35
S|35
x|35
w|35
G|35
͐|35
|35
|35
|36
|36
|36
|36
|36
|36
|36
|36
|36
|36
|36
|36
|36
|36
|36
|36
|36
|36
|36
|36
|36
|36
|36
|36
|36
|36
|36
|36
|36
|36
|36
|36
|36
|36
|36
Ҋ|36
|36
|36
|36
|36
|36
|36
|36
g|36
|36
|36
|36
|36
|36
|36
|36
|36
|36
|36
|36
|36
|36
v|36
|36
|36
|36
|36
|36
|36
|36
|36
I|36
u|36
|36
|36
|36
|36
|36
|36
|36
|36
p|36
a|36
|36
|36
|36
|36
|36
|36
|36
z|36
|36
Ş|36
R|36
|36
|36
|36
|36
|36
|36
|36
]|36
k|36
b|36
|36
|36
|36
|36
|36
|36
{|36
|36
`|36
O|36
{|36
|36
ǳ|36
|36
`|36
|36
O|36
D|36
||36
|36
|36
|36
|36
K|36
|36
|36
}|36
|36
{|36
|36
V|36
W|36
Ր|36
|36
T|36
v|36
M|36
|36
|36
G|36
O|36
|36
|36
z|36
}|36
u|36
|36
M|36
|36
p|36
x|36
V|36
G|36
̂|36
C|36
Y|36
d|36
r|36
{|36
\|36
W|36
Ȃ|36
|36
|37
|37
|37
|37
|37
|37
|37
|37
|37
|37
|37
|37
|37
|37
|37
v|37
|37
|37
|37
|37
Y|37
|37
|37
|37
|37
|37
|37
u|37
|37
K|37
{|37
|37
{|37
|37
|37
|37
|37
X|37
|37
ǿ|37
\|37
֘|37
n|37
^|37
v|37
Q|37
\|37
|37
H|37
|37
t|37
|37
|38
|38
|38
|38
|38
|38
|38
|38
|38
|38
|38
|38
|38
|38
|38
|38
|38
|38
|38
|38
|38
|38
|38
|38
|38
|38
|38
|38
|38
|38
|38
У|38
|38
^|38
|38
|38
_|38
|38
|38
|38
|38
ٮ|38
|38
|38
|38
|38
U|38
|38
|38
|38
|38
|38
|38
|38
|38
z|38
x|38
|38
|38
|38
ܴ|38
|38
|38
|38
R|38
g|38
|38
e|38
|38
C|38
|38
|38
|38
|38
|38
I|38
|38
|38
ĉ|38
|38
|38
|38
|38
|38
|38
q|38
o|38
|38
|38
|38
t|38
|38
|38
_|38
|38
|38
|38
p|38
ڊ|38
|38
|38
q|38
|38
a|38
R|38
|39
|39
|39
|39
|39
|39
|39
|39
|39
|39
|39
|39
|39
|39
|39
|39
|39
|39
|39
|39
|39
|39
|39
|39
|39
|39
|39
|39
|39
|39
|39
|39
|39
ڵ|39
|39
|39
Y|39
|39
ڦ|39
|39
|39
|39
|39
d|39
|39
|39
|39
|39
|39
|39
|39
|39
|39
|39
A|39
|39
|39
|39
|39
]|39
|39
|39
|39
w|39
ԑ|39
|39
ӓ|39
|39
ћ|39
c|39
H|39
|39
E|39
X|39
o|39
K|39
|39
w|39
a|39
|39
^|39
|39
ޗ|39
V|39
g|39
P|39
l|39
A|39
|39
R|39
M|39
O|39
|39
|39
͎|39
]|39
d|39
|39
f|39
v|39
|39
O|39
V|39
m|39
^|39
|39
d|39
|40
|40
|40
|40
|40
|40
|40
|40
|40
|40
|40
|40
|40
|40
|40
|40
|40
|40
|40
|40
|40
|40
M|40
|40
|40
M|40
|40
|40
|40
|40
|40
o|40
H|40
|40
ݣ|40
|40
\|40
x|40
|40
|40
֔|40
|40
|40
|40
ف|40
|40
|40
|40
Ǟ|40
|40
|40
q|40
|40
|40
|40
B|40
|40
||40
|40
n|40
a|40
|40
\|40
ɓ|40
b|40
||40
N|40
P|40
B|40
|40
|40
|40
|40
~|40
|40
c|40
|41
|41
|41
|41
|41
|41
|41
|41
|41
|41
|41
|41
|41
|41
|41
|41
|41
|41
|41
|41
|41
ݼ|41
|41
|41
|41
|41
|41
Z|41
|41
|41
|41
|41
o|41
|41
|41
|41
|41
|41
|41
|41
@|41
|41
R|41
Q|41
|41
|41
|41
|41
s|41
U|41
i|41
ς|41
|41
|41
S|41
|41
|41
G|41
|41
|41
o|41
|41
L|41
|41
|41
G|41
Y|41
ޟ|41
|41
|41
|41
|41
|41
|41
d|41
|41
|41
E|41
J|41
|41
|41
K|41
x|41
`|41
q|41
X|41
~|41
|42
|42
|42
|42
|42
|42
|42
|42
|42
|42
Q|42
|42
s|42
K|42
ѕ|42
s|42
o|42
N|42
S|42
E|42
ޛ|42
Q|42
|43
|43
|43
|43
|43
|43
|43
|43
|43
|43
|43
|43
|43
|43
|43
|43
|43
|43
|43
|43
f|43
|43
|43
|43
|43
|43
F|43
|43
m|43
|43
|43
|43
|43
\|43
j|43
|43
|43
W|43
w|43
[|43
|43
H|43
G|43
b|43
`|43
|43
J|43
|47
|47
|47
|47
|47
|47
|47
|47
|47
|47
|47
|47
|47
|47
|47
|47
|47
|47
|47
|47
|47
|47
|47
|47
|47
|47
h|47
ڪ|47
|47
|47
|47
|47
|47
|47
|47
|47
|47
|47
|47
|47
|47
|47
e|47
|47
|47
|47
|47
|47
|47
Ѝ|47
|47
|47
|47
|47
|47
|47
|47
|47
|47
|47
|47
|47
|47
|47
|47
|47
_|47
|47
|47
|47
n|47
|47
e|47
|47
t|47
|47
|47
I|47
x|47
|47
]|47
D|47
|47
g|47
̘|47
H|47
|47
|47
|47
V|47
|47
i|47
|47
|47
|47
|47
|47
u|47
|47
|47
H|47
X|47
G|47
|47
|47
z|47
e|47
|47
Z|47
|47
x|47
Y|47
A|47
`|47
|47
|47
M|47
|47
q|47
`|47
^|47
M|47
K|47
||47
q|47
|50
|50
|50
|50
|50
|50
|50
|50
Ȧ|50
|50
|50
|50
|50
۲|50
|50
|50
|50
|50
|50
I|50
|50
h|50
\|50
N|50
K|50
|50
|50
|50
C|50
g|50
|50
Ė|50
ǚ|50
Z|50
v|50
|50
|52
|52
|52
|52
|52
|52
|52
|52
|52
|52
|52
|52
|52
||52
|52
|52
ާ|52
|52
|52
|52
X|52
|52
^|52
|52
i|52
|52
|52
|52
|52
Q|52
|52
|52
ҙ|52
|52
E|52
|52
|52
b|52
|52
~|52
|52
|52
|52
i|52
ʅ|52
k|52
~|52
`|52
|52
H|52
k|52
`|52
Ӂ|52
D|52
P|52
|52
|52
Ĕ|52
]|52
|52
؏|52
Z|52
Q|52
|52
ڑ|52
@|52
f|52
p|52
|52
|54
|54
|54
|54
|54
|54
|54
|54
|54
|54
|54
B|54
|54
|54
܊|54
|54
x|54
|54
|54
E|54
|54
|54
|54
|54
y|54
|54
|54
q|54
|54
|54
z|54
|54
K|54
a|54
|54
^|54
U|54
Q|54
T|54
Ђ|54
S|54
|54
D|54
A|54
