|24
|24
|24
|24
|24
|24
|24
|24
l|24
|24
Q|24
|25
|25
|25
|25
_|25
|25
|25
|25
|25
|25
|25
P|25
|25
|25
|25
|25
|25
||25
G|25
|25
z|25
|25
a|25
|25
a|25
|25
N|25
b|25
|26
|26
|26
٩|26
|26
|26
|26
|26
|26
|26
|26
||26
|26
|26
Ƕ|26
|26
|26
|26
ݨ|26
|26
{|26
|26
b|26
|26
R|26
|27
|27
|27
|27
|27
|27
|27
|27
|27
|27
|27
|27
|27
|27
_|27
ߒ|27
o|27
K|27
|27
`|27
H|27
|28
|28
|28
|28
|28
|28
|28
|28
|28
|28
D|28
^|28
X|28
|29
|29
|29
|29
|29
|29
|29
|29
|29
|29
|29
|29
|29
|29
|29
|29
|29
|29
|29
|29
|29
|29
|29
|29
H|29
|29
n|29
Q|29
|29
|29
|29
w|29
|29
|29
|29
|29
|29
|29
|29
w|29
|29
|29
}|29
`|29
z|29
\|29
V|29
|29
f|29
|29
W|29
x|29
G|29
|29
t|29
h|29
|29
S|29
P|29
d|29
ڐ|29
|29
|29
|29
|29
~|29
|29
P|29
|30
w|30
|30
|31
|31
|31
|31
|31
|31
|31
|31
|31
o|31
|32
|32
|32
Ä|32
|32
H|32
l|32
U|32
|32
L|32
|32
|45
|45
|45
|45
|45
|45
|45
|45
|45
|45
I|45
|46
|46
|46
|46
ߵ|46
ޢ|46
|46
|46
|46
|46
|46
@|46
|46
]|46
A|46
D|46
d|46
p|46
|47
|47
|47
|47
|47
|47
|47
ܥ|47
|47
|47
|47
|47
ѝ|47
|47
|47
L|47
F|47
F|47
|47
|47
|47
ڜ|47
|47
|47
d|47
@|47
|48
|48
|48
|48
|48
٨|48
F|48
|48
g|48
|48
|48
\|48
~|48
|49
|49
|49
|49
|49
|49
|49
|49
K|49
|49
ۦ|49
~|49
|49
d|49
|49
|49
Ē|49
g|49
|49
Q|49
X|49
|49
|50
|50
|50
|50
|50
U|50
p|50
y|50
|51
|51
|51
|51
|51
|51
|51
|51
|51
|51
ڿ|51
|51
ڲ|51
|51
|51
|51
|51
r|51
k|51
N|51
|51
|51
\|51
|51
|51
V|51
|51
O|51
k|51
p|51
|51
E|51
_|51
|51
b|51
k|51
|51
ܜ|51
A|51
L|51
T|51
p|51
n|51
m|51
|53
|53
|53
|53
|53
|53
|53
|53
|53
|53
|53
|53
|53
|53
|53
|53
|53
|53
|53
̝|53
|53
|53
ظ|53
|53
|53
|53
|53
|53
|53
|53
|53
|53
T|53
Q|53
|53
|53
|53
l|53
|53
|53
ʉ|53
|53
j|53
t|53
||53
|53
ۓ|53
|53
]|53
|53
i|53
N|53
r|53
|53
|53
|53
q|53
|53
C|53
l|53
K|53
|53
w|53
k|53
`|53
|54
|54
|54
|54
|54
|54
|54
|54
т|54
|54
j|54
|54
|54
|54
|54
|54
|54
|54
|54
y|54
A|54
|54
C|54
|54
O|54
H|54
Ǎ|54
c|54
X|54
|54
K|54
^|54
|54
|55
|55
|55
|55
|55
U|55
|55
u|55
|55
N|55
|55
|55
Q|55
T|55
v|55
H|55
p|55
U|55
